-6.36288
-6.35785
-6.3494
-6.33708
-6.31898
-6.29392
-6.26325
-6.22567
-6.18074
-6.12667
-6.06342
-5.99042
-5.91142
-5.82632
-5.73853
-5.65528
-5.57948
-5.51611
-5.46701
-5.43384
-5.41566
-5.41145
-5.41748
-5.4314
-5.44868
-5.46801
-5.48709
-5.50468
-5.51976
-5.53263
-5.54345
-5.55337
-5.56114
-5.5684
-5.5737
-5.57895
-5.58164
-5.58324
-5.58377
-5.58316
-5.58156
-5.58189
-5.58391
-5.58584
-5.58965
-5.59525
-5.60026
-5.60587
-5.60939
-5.61278
-5.61339
-5.61448
-5.6137
-5.61261
-5.61117
-5.61056
-5.61123
-5.61226
-5.61488
-5.61789
-5.62053
-5.62352
-5.62653
-5.62912
-5.62959
-5.62801
-5.62468
-5.62031
-5.61504
-5.60949
-5.6068
-5.60477
-5.60358
-5.60118
-5.5985
-5.59267
-5.58518
-5.57915
-5.57328
-5.57092
-5.56949
-5.57259
-5.57907
-5.58942
-5.60209
-5.61555
-5.62957
-5.64289
-5.65574
-5.66655
-5.67507
-5.68187
-5.68592
-5.6865
-5.68511
-5.6811
-5.67473
-5.66671
-5.65518
-5.64309
-5.62973
-5.61526
-5.59969
-5.58471
-5.57036
-5.55714
-5.54599
-5.53772
-5.53187
-5.52806
-5.5278
-5.52865
-5.5315
-5.53538
-5.54257
-5.55133
-5.56333
-5.57745
-5.59278
-5.61012
-5.6273
-5.64367
-5.6569
-5.66747
-5.67434
-5.67724
-5.67667
-5.67105
-5.66214
-5.65083
-5.6377
-5.62335
-5.60931
-5.59535
-5.58214
-5.57027
-5.56002
-5.55246
-5.54824
-5.54826
-5.55211
-5.55914
-5.5706
-5.5852
-5.60108
-5.61783
-5.63456
-5.64878
-5.65909
-5.6668
-5.6702
-5.67125
-5.66837
-5.66378
-5.6553
-5.64567
-5.63424
-5.62301
-5.61124
-5.59861
-5.58615
-5.57499
-5.56437
-5.55705
-5.55225
-5.55232
-5.55564
-5.56148
-5.56942
-5.57813
-5.58517
-5.5917
-5.5955
-5.59586
-5.59301
-5.58772
-5.57963
-5.56925
-5.55676
-5.54403
-5.53367
-5.52447
-5.52011
-5.52084
-5.52576
-5.53615
-5.54976
-5.56448
-5.57872
-5.59361
-5.60489
-5.61295
-5.61698
-5.61744
-5.61488
-5.60891
-5.60071
-5.59094
-5.58273
-5.5738
-5.56759
-5.56234
-5.56101
-5.56131
-5.56392
-5.56858
-5.57432
-5.58144
-5.58836
-5.59348
-5.59769
-5.59953
-5.59957
-5.59672
-5.59247
-5.58584
-5.5775
-5.56929
-5.56146
-5.55539
-5.55118
-5.54983
-5.55041
-5.55162
-5.5542
-5.55716
-5.55937
-5.56212
-5.56418
-5.56496
-5.56602
-5.56666
-5.56791
-5.5679
-5.56783
-5.56739
-5.56539
-5.56293
-5.56068
-5.55709
-5.55275
-5.54896
-5.5474
-5.54773
-5.55168
-5.55841
-5.56763
-5.57868
-5.58973
-5.6024
-5.61287
-5.62312
-5.63099
-5.6361
-5.63819
-5.6367
-5.63329
-5.62649
-5.61829
-5.60852
-5.59826
-5.58797
-5.57827
-5.56875
-5.56102
-5.55425
-5.54939
-5.54718
-5.5442
-5.54251
-5.54196
-5.5419
-5.54227
-5.54279
-5.54361
-5.5455
-5.54661
-5.54947
-5.55308
-5.55649
-5.5595
-5.56236
-5.56303
-5.56101
-5.55912
-5.55681
-5.55244
-5.55006
-5.54788
-5.54805
-5.54805
-5.54834
-5.54826
-5.54872
-5.54749
-5.54602
-5.54457
-5.54477
-5.5441
-5.54502
-5.54632
-5.54841
-5.55076
-5.55222
-5.55223
-5.55084
-5.54828
-5.54614
-5.54539
-5.54441
-5.54233
-5.5395
-5.5363
-5.53234
-5.52786
-5.5246
-5.52139
-5.51911
-5.51763
-5.51715
-5.51738
-5.51958
-5.52264
-5.5287
-5.53472
-5.54064
-5.5471
-5.55203
-5.55475
-5.55658
-5.5567
-5.55464
-5.55053
-5.54515
-5.53858
-5.53066
-5.52148
-5.5138
-5.50733
-5.50154
-5.49889
-5.49809
-5.49805
-5.50015
-5.50391
-5.50837
-5.51538
-5.52309
-5.53086
-5.53855
-5.54622
-5.55334
-5.55939
-5.56566
-5.56922
-5.57099
-5.57144
-5.56945
-5.56344
-5.55632
-5.54489
-5.53227
-5.51755
-5.50324
-5.49112
-5.48208
-5.47638
-5.47518
-5.47719
-5.48485
-5.4946
-5.50618
-5.51903
-5.53179
-5.54459
-5.55579
-5.56438
-5.56994
-5.57225
-5.57178
-5.57101
-5.56744
-5.56204
-5.55648
-5.55105
-5.54512
-5.54069
-5.53705
-5.53677
-5.53761
-5.53943
-5.54257
-5.54761
-5.5547
-5.56308
-5.5707
-5.57871
-5.5849
-5.58934
-5.59165
-5.59294
-5.592
-5.58989
-5.58758
-5.58471
-5.58105
-5.57763
-5.57369
-5.57044
-5.56615
-5.56155
-5.55699
-5.55314
-5.5495
-5.54527
-5.54272
-5.54041
-5.53998
-5.54087
-5.54324
-5.54478
-5.5474
-5.55089
-5.55196
-5.55422
-5.5567
-5.55755
-5.55959
-5.56084
-5.5621
-5.56204
-5.56213
-5.56356
-5.56509
-5.56688
-5.56988
-5.57414
-5.57856
-5.5825
-5.58603
-5.58764
-5.58884
-5.58748
-5.58475
-5.57929
-5.57139
-5.56297
-5.55436
-5.54498
-5.5378
-5.53241
-5.53117
-5.53286
-5.53609
-5.54134
-5.5491
-5.55852
-5.56786
-5.57745
-5.58718
-5.59606
-5.60497
-5.61206
-5.61828
-5.62253
-5.62472
-5.62702
-5.62624
-5.62457
-5.61997
-5.61582
-5.61102
-5.60552
-5.59848
-5.59123
-5.58416
-5.57686
-5.5705
-5.56479
-5.55992
-5.55699
-5.55596
-5.55522
-5.55542
-5.55572
-5.55623
-5.55646
-5.55701
-5.55737
-5.55771
-5.55949
-5.56128
-5.56375
-5.56715
-5.5712
-5.57571
-5.58155
-5.58696
-5.59178
-5.59669
-5.59908
-5.60031
-5.59998
-5.59883
-5.59645
-5.59259
-5.58757
-5.58078
-5.57301
-5.56517
-5.55611
-5.54464
-5.53297
-5.52006
-5.5084
-5.49711
-5.48837
-5.48169
-5.47804
-5.47636
-5.4771
-5.47837
-5.48137
-5.48403
-5.48703
-5.49194
-5.49786
-5.50468
-5.51267
-5.52217
-5.53302
-5.54581
-5.55906
-5.57277
-5.58676
-5.59953
-5.61081
-5.62106
-5.62867
-5.63317
-5.63507
-5.63434
-5.63073
-5.62468
-5.61583
-5.60678
-5.59721
-5.58979
-5.58307
-5.57735
-5.57407
-5.57183
-5.57223
-5.57324
-5.57436
-5.57563
-5.57714
-5.57859
-5.57962
-5.57989
-5.5796
-5.5772
-5.57285
-5.56558
-5.5569
-5.54855
-5.53925
-5.53071
-5.52489
-5.52207
-5.52289
-5.52583
-5.53196
-5.53951
-5.54743
-5.55656
-5.56399
-5.56923
-5.57475
-5.57777
-5.57862
-5.57775
-5.57635
-5.57204
-5.56777
-5.5643
-5.56081
-5.55811
-5.55611
-5.55409
-5.55334
-5.55245
-5.55081
-5.54918
-5.54785
-5.54686
-5.54812
-5.55073
-5.55619
-5.56494
-5.57299
-5.58135
-5.58905
-5.59486
-5.59695
-5.59506
-5.59119
-5.58521
-5.57712
-5.56983
-5.56256
-5.55754
-5.55318
-5.55059
-5.54996
-5.55155
-5.55591
-5.56105
-5.56835
-5.57583
-5.583
-5.58998
-5.59494
-5.59893
-5.60294
-5.60401
-5.6061
-5.60785
-5.60961
-5.61211
-5.61453
-5.6169
-5.61978
-5.62364
-5.62774
-5.62946
-5.6312
-5.63156
-5.63022
-5.62641
-5.62059
-5.61326
-5.60397
-5.59287
-5.57964
-5.56645
-5.55374
-5.54242
-5.53383
-5.52751
-5.52471
-5.52453
-5.52753
-5.53138
-5.5371
-5.54323
-5.54837
-5.55215
-5.55418
-5.55367
-5.55058
-5.54564
-5.53893
-5.53001
-5.5207
-5.51087
-5.50279
-5.49673
-5.49144
-5.48773
-5.48579
-5.48447
-5.48429
-5.48332
-5.4807
-5.47934
-5.47702
-5.4776
-5.47926
-5.48167
-5.48689
-5.49387
-5.50308
-5.51245
-5.52132
-5.53006
-5.53603
-5.53999
-5.54095
-5.5388
-5.53349
-5.52779
-5.51989
-5.51194
-5.50515
-5.49927
-5.49531
-5.49232
-5.49181
-5.49496
-5.49867
-5.50565
-5.51358
-5.52274
-5.53243
-5.54181
-5.5495
-5.55543
-5.55953
-5.56152
-5.56212
-5.56016
-5.5581
-5.55496
-5.55072
-5.54755
-5.54376
-5.53897
-5.53428
-5.52968
-5.52416
-5.51731
-5.51157
-5.5071
-5.50579
-5.50554
-5.50918
-5.51463
-5.52365
-5.53448
-5.54585
-5.55709
-5.56781
-5.57564
-5.58007
-5.58194
-5.57966
-5.57384
-5.56377
-5.54936
-5.53339
-5.5152
-5.49657
-5.47714
-5.45853
-5.44357
-5.4326
-5.42587
-5.42456
-5.42959
-5.4395
-5.45425
-5.47224
-5.4919
-5.51017
-5.52569
-5.53937
-5.54929
-5.55491
-5.55787
-5.55816
-5.55487
-5.54982
-5.54437
-5.53889
-5.53352
-5.53
-5.52777
-5.52789
-5.53037
-5.53553
-5.54358
-5.55279
-5.56336
-5.57512
-5.58722
-5.59728
-5.60797
-5.6144
-5.61658
-5.61706
-5.61463
-5.60905
-5.60248
-5.59629
-5.5899
-5.58449
-5.5811
-5.57918
-5.57876
-5.57969
-5.58072
-5.58084
-5.58106
-5.58086
-5.58192
-5.58266
-5.58414
-5.5831
-5.582
-5.57893
-5.5747
-5.5694
-5.56349
-5.55937
-5.55586
-5.55423
-5.55473
-5.5588
-5.56436
-5.57322
-5.58289
-5.59283
-5.60314
-5.61184
-5.61897
-5.62372
-5.62481
-5.62367
-5.61789
-5.60975
-5.59833
-5.58608
-5.57215
-5.55823
-5.5452
-5.53361
-5.52523
-5.51883
-5.51509
-5.51284
-5.51183
-5.5108
-5.50928
-5.50831
-5.50508
-5.50326
-5.50151
-5.49906
-5.49699
-5.49645
-5.49536
-5.49474
-5.49427
-5.49278
-5.48944
-5.48733
-5.48497
-5.48255
-5.48001
-5.47936
-5.4795
-5.48089
-5.4831
-5.48749
-5.49229
-5.4975
-5.50347
-5.51022
-5.5167
-5.52158
-5.52546
-5.52652
-5.5251
-5.52204
-5.51575
-5.51034
-5.5068
-5.50446
-5.50515
-5.5086
-5.51485
-5.52276
-5.53183
-5.54083
-5.54895
-5.55602
-5.56013
-5.5629
-5.56285
-5.55911
-5.55187
-5.54197
-5.52809
-5.51359
-5.49716
-5.48093
-5.46413
-5.44879
-5.4366
-5.4267
-5.4193
-5.41412
-5.41067
-5.40888
-5.4088
-5.41015
-5.41203
-5.41477
-5.41892
-5.42391
-5.43092
-5.43846
-5.44811
-5.45741
-5.46661
-5.47539
-5.48298
-5.48892
-5.49431
-5.49873
-5.50305
-5.50672
-5.51059
-5.51404
-5.51649
-5.51837
-5.52007
-5.52103
-5.52237
-5.52225
-5.52229
-5.52285
-5.5241
-5.52501
-5.52462
-5.52297
-5.52043
-5.51572
-5.51012
-5.50408
-5.49798
-5.49278
-5.48976
-5.48757
-5.4875
-5.48888
-5.4925
-5.49712
-5.50298
-5.5091
-5.51515
-5.52102
-5.52559
-5.53069
-5.5349
-5.5394
-5.54285
-5.54527
-5.54766
-5.54808
-5.54749
-5.54587
-5.54245
-5.53796
-5.53045
-5.52245
-5.51249
-5.50334
-5.4945
-5.48675
-5.47948
-5.4748
-5.47095
-5.46784
-5.46462
-5.46295
-5.4596
-5.45556
-5.45152
-5.44702
-5.44434
-5.44328
-5.44526
-5.4482
-5.45389
-5.4574
-5.45912
-5.45786
-5.4552
-5.45041
-5.44629
-5.44347
-5.4429
-5.44899
-5.45808
-5.47054
-5.48442
-5.49805
-5.51125
-5.52357
-5.53332
-5.54178
-5.54933
-5.55303
-5.55416
-5.55122
-5.54725
-5.54155
-5.53213
-5.52219
-5.51235
-5.50277
-5.49353
-5.48484
-5.47881
-5.47362
-5.47047
-5.46938
-5.46886
-5.47113
-5.47394
-5.47671
-5.48164
-5.48575
-5.49252
-5.49949
-5.50541
-5.51066
-5.51445
-5.51594
-5.51491
-5.51041
-5.50279
-5.49203
-5.48129
-5.4702
-5.45978
-5.4513
-5.44578
-5.44404
-5.44555
-5.45089
-5.45802
-5.46697
-5.47724
-5.48734
-5.49578
-5.50301
-5.50939
-5.51453
-5.51666
-5.5182
-5.51651
-5.51501
-5.51354
-5.51185
-5.50978
-5.50909
-5.50855
-5.50978
-5.51438
-5.52036
-5.52933
-5.53926
-5.55038
-5.56096
-5.57157
-5.5802
-5.58862
-5.59542
-5.60035
-5.60395
-5.60597
-5.60654
-5.60607
-5.60502
-5.60404
-5.60153
-5.59909
-5.59565
-5.59089
-5.58783
-5.5836
-5.57935
-5.57601
-5.57035
-5.56493
-5.55843
-5.55099
-5.54317
-5.53665
-5.53141
-5.52908
-5.52904
-5.53069
-5.53326
-5.53666
-5.54009
-5.54189
-5.54435
-5.54483
-5.54497
-5.54412
-5.54352
-5.5427
-5.5414
-5.53963
-5.53766
-5.53483
-5.53023
-5.52717
-5.52393
-5.5236
-5.52574
-5.53092
-5.53819
-5.54696
-5.55532
-5.56408
-5.57127
-5.57745
-5.58296
-5.58857
-5.59195
-5.59398
-5.59651
-5.59627
-5.59476
-5.59074
-5.5851
-5.57854
-5.57129
-5.56529
-5.56014
-5.55605
-5.55629
-5.55721
-5.55982
-5.5638
-5.56793
-5.57147
-5.57348
-5.57477
-5.57359
-5.57049
-5.56549
-5.55984
-5.55375
-5.5461
-5.53961
-5.5333
-5.52686
-5.52104
-5.51539
-5.5106
-5.50693
-5.50515
-5.50439
-5.5064
-5.50964
-5.51483
-5.52156
-5.52967
-5.53917
-5.54953
-5.5601
-5.56953
-5.57715
-5.58262
-5.58504
-5.58416
-5.58069
-5.57445
-5.56673
-5.55865
-5.55212
-5.54622
-5.54206
-5.54044
-5.54133
-5.54375
-5.54786
-5.55303
-5.55819
-5.56167
-5.5643
-5.56494
-5.56572
-5.5652
-5.56431
-5.56424
-5.56477
-5.56563
-5.56766
-5.56915
-5.56979
-5.57033
-5.57131
-5.57058
-5.5698
-5.56921
-5.56924
-5.57009
-5.57075
-5.57282
-5.57484
-5.57613
-5.57724
-5.57784
-5.57828
-5.57815
-5.57736
-5.57746
-5.57638
-5.57546
-5.57366
-5.57082
-5.56749
-5.56484
-5.562
-5.55949
-5.55564
-5.55177
-5.54983
-5.54913
-5.55148
-5.55468
-5.55898
-5.56318
-5.56678
-5.56852
-5.56786
-5.56472
-5.55875
-5.54985
-5.53954
-5.52864
-5.51812
-5.50821
-5.50015
-5.49502
-5.49368
-5.49517
-5.49881
-5.50463
-5.51196
-5.51864
-5.52657
-5.53475
-5.54306
-5.55115
-5.55681
-5.55974
-5.56017
-5.55681
-5.5519
-5.54337
-5.53353
-5.5221
-5.51066
-5.49942
-5.48827
-5.47635
-5.46583
-5.45622
-5.44792
-5.44229
-5.43907
-5.4387
-5.4407
-5.44521
-5.45151
-5.45902
-5.46758
-5.47552
-5.48265
-5.48851
-5.49411
-5.50029
-5.50565
-5.51201
-5.51993
-5.52743
-5.53625
-5.5444
-5.55325
-5.5616
-5.56823
-5.57383
-5.57789
-5.57985
-5.57977
-5.57802
-5.57617
-5.57351
-5.56956
-5.56666
-5.56471
-5.56374
-5.56448
-5.5669
-5.57075
-5.57537
-5.58089
-5.58756
-5.5942
-5.60098
-5.60733
-5.61265
-5.61557
-5.61576
-5.61389
-5.60942
-5.60201
-5.59251
-5.58263
-5.56953
-5.55665
-5.54394
-5.53283
-5.52419
-5.52019
-5.52037
-5.52294
-5.5275
-5.53193
-5.53443
-5.53445
-5.53393
-5.53086
-5.52859
-5.52677
-5.5257
-5.52689
-5.52852
-5.53118
-5.53468
-5.53814
-5.54224
-5.54766
-5.55388
-5.56078
-5.56822
-5.57551
-5.58111
-5.58451
-5.58442
-5.58198
-5.5764
-5.56746
-5.55758
-5.54631
-5.53505
-5.5241
-5.51321
-5.50484
-5.49769
-5.49343
-5.48954
-5.48989
-5.49279
-5.49887
-5.50742
-5.51787
-5.52942
-5.54105
-5.55109
-5.5583
-5.56354
-5.56448
-5.56205
-5.55872
-5.55395
-5.54913
-5.54616
-5.54472
-5.54419
-5.54511
-5.54594
-5.54677
-5.54864
-5.54979
-5.54979
-5.54969
-5.55007
-5.5511
-5.55289
-5.55369
-5.55611
-5.5584
-5.55931
-5.55945
-5.55841
-5.55625
-5.55292
-5.55008
-5.54598
-5.54082
-5.5358
-5.53144
-5.52725
-5.52287
-5.51994
-5.51854
-5.51738
-5.51852
-5.51842
-5.51793
-5.51601
-5.5125
-5.5076
-5.50082
-5.49411
-5.48717
-5.4801
-5.47287
-5.4655
-5.45841
-5.45305
-5.4496
-5.44835
-5.45126
-5.45766
-5.46683
-5.4789
-5.49032
-5.50309
-5.51586
-5.52736
-5.53687
-5.54496
-5.55275
-5.55985
-5.56484
-5.57013
-5.57369
-5.57652
-5.57873
-5.57922
-5.57948
-5.5782
-5.57593
-5.57222
-5.56699
-5.55884
-5.54809
-5.53572
-5.52107
-5.50609
-5.49324
-5.48171
-5.47474
-5.47054
-5.46924
-5.46971
-5.47161
-5.47415
-5.4774
-5.47878
-5.47958
-5.48047
-5.48355
-5.48527
-5.48622
-5.48659
-5.48505
-5.4817
-5.47844
-5.47431
-5.46997
-5.46575
-5.46314
-5.46287
-5.46454
-5.46783
-5.47411
-5.48314
-5.49335
-5.50571
-5.51891
-5.53277
-5.54586
-5.55839
-5.5691
-5.57719
-5.58355
-5.58942
-5.59489
-5.5991
-5.60271
-5.60485
-5.60633
-5.60805
-5.60905
-5.60858
-5.60674
-5.60342
-5.59809
-5.5899
-5.57867
-5.56526
-5.54942
-5.53325
-5.51574
-5.49972
-5.48591
-5.47397
-5.46594
-5.46041
-5.45901
-5.45993
-5.46239
-5.46805
-5.47673
-5.48897
-5.50435
-5.52087
-5.53703
-5.55292
-5.56497
-5.57381
-5.57821
-5.57873
-5.57539
-5.56899
-5.56098
-5.55217
-5.54494
-5.53992
-5.53599
-5.53496
-5.53505
-5.53646
-5.54011
-5.54459
-5.55044
-5.55538
-5.56185
-5.56739
-5.57219
-5.5766
-5.58133
-5.58568
-5.58965
-5.59352
-5.5972
-5.6004
-5.60378
-5.60831
-5.61272
-5.61816
-5.6232
-5.62647
-5.62864
-5.6291
-5.62622
-5.62104
-5.61368
-5.60515
-5.59468
-5.58327
-5.57213
-5.56252
-5.55343
-5.54568
-5.53947
-5.53566
-5.53335
-5.53272
-5.53377
-5.53556
-5.53844
-5.54019
-5.54234
-5.5441
-5.54463
-5.54365
-5.54047
-5.53549
-5.53068
-5.52507
-5.51908
-5.51395
-5.50959
-5.50717
-5.50758
-5.51044
-5.51395
-5.51885
-5.52372
-5.52787
-5.53104
-5.53277
-5.53408
-5.53486
-5.53557
-5.53642
-5.53814
-5.54153
-5.54532
-5.54894
-5.55431
-5.55931
-5.56378
-5.56869
-5.57131
-5.57337
-5.57321
-5.57044
-5.56703
-5.56308
-5.55931
-5.55529
-5.55338
-5.55138
-5.5506
-5.54981
-5.54882
-5.55094
-5.55317
-5.55471
-5.55625
-5.55886
-5.56012
-5.56244
-5.56437
-5.56791
-5.57182
-5.57546
-5.57932
-5.58243
-5.58411
-5.58514
-5.58312
-5.57958
-5.57495
-5.56835
-5.56215
-5.55777
-5.55463
-5.55523
-5.55762
-5.56147
-5.56649
-5.5705
-5.57358
-5.57259
-5.56967
-5.56344
-5.5559
-5.54878
-5.54137
-5.53516
-5.53119
-5.52784
-5.52478
-5.52261
-5.52148
-5.52004
-5.51987
-5.51929
-5.51901
-5.52082
-5.52427
-5.53065
-5.53622
-5.5423
-5.54838
-5.55334
-5.55682
-5.55743
-5.55475
-5.55123
-5.54666
-5.54357
-5.54116
-5.53971
-5.54007
-5.53903
-5.53856
-5.53594
-5.53195
-5.52435
-5.51592
-5.50531
-5.49442
-5.48172
-5.4716
-5.4632
-5.45891
-5.45826
-5.46091
-5.46504
-5.46943
-5.47453
-5.48031
-5.48712
-5.49421
-5.50057
-5.50799
-5.51504
-5.52178
-5.52798
-5.53388
-5.53975
-5.54306
-5.54734
-5.54971
-5.55034
-5.55001
-5.54794
-5.54557
-5.54194
-5.5377
-5.53512
-5.53379
-5.53393
-5.53589
-5.53712
-5.539
-5.53973
-5.53858
-5.53647
-5.53255
-5.52837
-5.52424
-5.52171
-5.52106
-5.52072
-5.52392
-5.52958
-5.53705
-5.54539
-5.55473
-5.56337
-5.57199
-5.58054
-5.5883
-5.59315
-5.59526
-5.59666
-5.59469
-5.59097
-5.58396
-5.57494
-5.56442
-5.55231
-5.5413
-5.52969
-5.51927
-5.511
-5.50451
-5.50095
-5.49875
-5.49843
-5.50054
-5.50424
-5.50813
-5.51214
-5.51582
-5.51908
-5.52304
-5.52759
-5.534
-5.53986
-5.54809
-5.55588
-5.56229
-5.56771
-5.57329
-5.57781
-5.58282
-5.58798
-5.59422
-5.60116
-5.60897
-5.61609
-5.6224
-5.62776
-5.63222
-5.63387
-5.63453
-5.63356
-5.6321
-5.63029
-5.62727
-5.62603
-5.62584
-5.62433
-5.62277
-5.61862
-5.61259
-5.60382
-5.59189
-5.57834
-5.5641
-5.5501
-5.53778
-5.52651
-5.51845
-5.51438
-5.5135
-5.51617
-5.52199
-5.52918
-5.53856
-5.54846
-5.55737
-5.5651
-5.57104
-5.57368
-5.57497
-5.5741
-5.57185
-5.56827
-5.56501
-5.56004
-5.55447
-5.5494
-5.54191
-5.53346
-5.52099
-5.50587
-5.48807
-5.47224
-5.45799
-5.44884
-5.44472
-5.44859
-5.45992
-5.47675
-5.49713
-5.51897
-5.53875
-5.55834
-5.57617
-5.59085
-5.60118
-5.60753
-5.6096
-5.60805
-5.60405
-5.59682
-5.58818
-5.5765
-5.56438
-5.55119
-5.53886
-5.527
-5.51663
-5.50858
-5.50182
-5.49834
-5.49723
-5.49874
-5.5015
-5.50669
-5.51181
-5.51731
-5.52422
-5.53197
-5.53962
-5.54709
-5.55524
-5.56245
-5.56736
-5.57239
-5.57613
-5.57963
-5.58197
-5.58425
-5.5853
-5.5875
-5.59003
-5.59274
-5.5966
-5.60136
-5.60634
-5.61071
-5.61496
-5.61876
-5.62099
-5.62006
-5.61676
-5.61062
-5.60271
-5.59432
-5.58355
-5.57155
-5.55797
-5.54423
-5.52941
-5.51349
-5.49927
-5.48495
-5.474
-5.46767
-5.46585
-5.47005
-5.47877
-5.49246
-5.50868
-5.52509
-5.54096
-5.55575
-5.56568
-5.57377
-5.57797
-5.58059
-5.57937
-5.57513
-5.56902
-5.56154
-5.55183
-5.5424
-5.53373
-5.52618
-5.52175
-5.51938
-5.51874
-5.52053
-5.52323
-5.52681
-5.53033
-5.53233
-5.53489
-5.53671
-5.53732
-5.5384
-5.53749
-5.53737
-5.53664
-5.53785
-5.53928
-5.54033
-5.54132
-5.54203
-5.54054
-5.53864
-5.53638
-5.53286
-5.53029
-5.52815
-5.52719
-5.52717
-5.5285
-5.53015
-5.53201
-5.5347
-5.53736
-5.54025
-5.54499
-5.54838
-5.55254
-5.55616
-5.56051
-5.56382
-5.56703
-5.56865
-5.56883
-5.56588
-5.56046
-5.55364
-5.54356
-5.5333
-5.52292
-5.51515
-5.50921
-5.50554
-5.50433
-5.50598
-5.50773
-5.51194
-5.51682
-5.52227
-5.52709
-5.53279
-5.53934
-5.54665
-5.55483
-5.56474
-5.57548
-5.58548
-5.59352
-5.59947
-5.60546
-5.6108
-5.61558
-5.62039
-5.62398
-5.62611
-5.626
-5.62416
-5.6176
-5.60962
-5.59834
-5.58349
-5.56901
-5.55128
-5.53348
-5.51507
-5.49926
-5.48665
-5.47614
-5.47028
-5.46672
-5.46668
-5.46984
-5.47546
-5.48232
-5.48914
-5.49739
-5.50405
-5.51103
-5.518
-5.52438
-5.53063
-5.53748
-5.54411
-5.55096
-5.55692
-5.56081
-5.56365
-5.56482
-5.56515
-5.56452
-5.56527
-5.56762
-5.57182
-5.57934
-5.58945
-5.60046
-5.61229
-5.62326
-5.63283
-5.63841
-5.64213
-5.64183
-5.63699
-5.62857
-5.61657
-5.60347
-5.58969
-5.57315
-5.55838
-5.54388
-5.5307
-5.52043
-5.51114
-5.5044
-5.49969
-5.49693
-5.49715
-5.49875
-5.5025
-5.50834
-5.51637
-5.52622
-5.53816
-5.55021
-5.5626
-5.57639
-5.58863
-5.60116
-5.61193
-5.62006
-5.62635
-5.63116
-5.63349
-5.63243
-5.63025
-5.62657
-5.62169
-5.61544
-5.60632
-5.59566
-5.58517
-5.57535
-5.56633
-5.56129
-5.55837
-5.55916
-5.56284
-5.56707
-5.57201
-5.57742
-5.58261
-5.58628
-5.5916
-5.59564
-5.59949
-5.60308
-5.60565
-5.60839
-5.60889
-5.60781
-5.60433
-5.59819
-5.59047
-5.57921
-5.56542
-5.54865
-5.52905
-5.50808
-5.4878
-5.46962
-5.45551
-5.4474
-5.44709
-5.45373
-5.46756
-5.48586
-5.5061
-5.52665
-5.54634
-5.56453
-5.57982
-5.59075
-5.59889
-5.60305
-5.60625
-5.60594
-5.60426
-5.60184
-5.59698
-5.59126
-5.58456
-5.57763
-5.57038
-5.56359
-5.55951
-5.55918
-5.56457
-5.57536
-5.59104
-5.60931
-5.62736
-5.64394
-5.65507
-5.6626
-5.665
-5.66188
-5.65453
-5.6433
-5.62759
-5.61118
-5.59338
-5.57549
-5.55894
-5.54356
-5.53027
-5.51975
-5.51131
-5.50485
-5.50128
-5.49922
-5.49915
-5.50024
-5.50316
-5.50691
-5.51222
-5.51741
-5.5243
-5.53131
-5.53772
-5.54324
-5.54711
-5.54908
-5.54744
-5.54295
-5.53578
-5.52472
-5.51218
-5.49822
-5.48353
-5.46902
-5.45769
-5.44838
-5.44235
-5.44069
-5.44193
-5.44474
-5.44984
-5.45673
-5.46391
-5.46947
-5.4751
-5.47807
-5.48239
-5.48452
-5.48743
-5.48962
-5.49324
-5.49523
-5.49827
-5.50009
-5.50038
-5.50006
-5.5001
-5.49852
-5.49561
-5.49149
-5.48687
-5.48135
-5.47582
-5.47035
-5.46558
-5.46119
-5.45865
-5.4589
-5.46176
-5.46591
-5.47289
-5.48085
-5.49021
-5.50024
-5.51022
-5.51938
-5.52696
-5.53264
-5.53568
-5.53724
-5.53787
-5.53698
-5.53574
-5.53458
-5.5343
-5.53473
-5.5357
-5.53698
-5.53982
-5.5411
-5.54231
-5.5428
-5.54326
-5.54278
-5.54117
-5.53873
-5.53667
-5.53447
-5.53233
-5.53073
-5.52997
-5.53004
-5.53165
-5.53213
-5.53269
-5.53371
-5.53492
-5.53806
-5.54081
-5.54247
-5.54382
-5.54579
-5.54645
-5.54743
-5.54911
-5.55128
-5.5545
-5.55676
-5.56027
-5.56349
-5.56699
-5.5695
-5.57314
-5.57737
-5.58219
-5.58906
-5.59691
-5.60474
-5.61165
-5.61824
-5.62227
-5.62396
-5.62397
-5.62291
-5.62007
-5.61472
-5.60736
-5.59809
-5.58703
-5.57545
-5.5636
-5.55006
-5.53709
-5.52441
-5.51387
-5.50408
-5.49548
-5.48908
-5.48311
-5.47765
-5.47401
-5.47085
-5.46788
-5.46657
-5.46819
-5.47208
-5.47771
-5.48657
-5.49655
-5.5077
-5.52099
-5.53373
-5.54737
-5.56072
-5.57316
-5.5851
-5.59422
-5.60048
-5.6033
-5.60173
-5.59413
-5.58277
-5.56779
-5.551
-5.53367
-5.51775
-5.50562
-5.49753
-5.49427
-5.49464
-5.4991
-5.5051
-5.51209
-5.51869
-5.52472
-5.53074
-5.53492
-5.53675
-5.53726
-5.53559
-5.53495
-5.53478
-5.5352
-5.53765
-5.54243
-5.54894
-5.55635
-5.56567
-5.57647
-5.58448
-5.59073
-5.59487
-5.59459
-5.59265
-5.58908
-5.58277
-5.57369
-5.56513
-5.55611
-5.54735
-5.53825
-5.53111
-5.52408
-5.51766
-5.51064
-5.50317
-5.49601
-5.48988
-5.48668
-5.48667
-5.49043
-5.49648
-5.50446
-5.51539
-5.52712
-5.54009
-5.55203
-5.56439
-5.57543
-5.5859
-5.59418
-5.6007
-5.60463
-5.60684
-5.60904
-5.60928
-5.60771
-5.60431
-5.59936
-5.59177
-5.58343
-5.57227
-5.56194
-5.5515
-5.54237
-5.53579
-5.53111
-5.52803
-5.52782
-5.52807
-5.53099
-5.53461
-5.53836
-5.54172
-5.54395
-5.54512
-5.54463
-5.54345
-5.54228
-5.5407
-5.53927
-5.53923
-5.53954
-5.54024
-5.54057
-5.53962
-5.53809
-5.53533
-5.5309
-5.5268
-5.52621
-5.52685
-5.53118
-5.53824
-5.5474
-5.55728
-5.56613
-5.57501
-5.57923
-5.58203
-5.58115
-5.57751
-5.57312
-5.56757
-5.56167
-5.55609
-5.55291
-5.55102
-5.55033
-5.54954
-5.54971
-5.54965
-5.54892
-5.5464
-5.54376
-5.5405
-5.53789
-5.53571
-5.53273
-5.52838
-5.52326
-5.51693
-5.5112
-5.50532
-5.50094
-5.49962
-5.49846
-5.49923
-5.50086
-5.50266
-5.50474
-5.50681
-5.51067
-5.5139
-5.51822
-5.52323
-5.5286
-5.53315
-5.53771
-5.54237
-5.54649
-5.55118
-5.55409
-5.55672
-5.55804
-5.55883
-5.55955
-5.55957
-5.55806
-5.55543
-5.55246
-5.54912
-5.54489
-5.54083
-5.53639
-5.53418
-5.53174
-5.53007
-5.52919
-5.52859
-5.5298
-5.5313
-5.53529
-5.54035
-5.54537
-5.55251
-5.56026
-5.56691
-5.57067
-5.57287
-5.57183
-5.56772
-5.56052
-5.5514
-5.54199
-5.53109
-5.52081
-5.51252
-5.50495
-5.49847
-5.49289
-5.48659
-5.48048
-5.47321
-5.4645
-5.4561
-5.44632
-5.42667
-5.39796
-5.36258
-5.32119
-5.2786
-5.23774
-5.20257
-5.17777
-5.16258
-5.15892
-5.16444
-5.17771
-5.19715
-5.21918
-5.24064
-5.25908
-5.27298
-5.27871
-5.27626
-5.26656
-5.25129
-5.23258
-5.21285
-5.19479
-5.17914
-5.16805
-5.16088
-5.158
-5.15705
-5.15507
-5.14916
-5.13864
-5.1217
-5.10107
-5.08288
-5.07079
-5.07064
-5.08271
-5.10303
-5.12796
-5.15134
-5.16541
-5.17219
-5.17335
-5.16697
-5.15859
-5.1512
-5.14721
-5.14757
-5.15464
-5.16285
-5.17249
-5.17991
-5.18404
-5.18147
-5.17315
-5.16209
-5.14923
-5.1379
-5.12963
-5.1258
-5.12814
-5.13447
-5.14253
-5.15058
-5.15338
-5.15381
-5.1506
-5.14656
-5.14351
-5.14325
-5.14585
-5.14887
-5.15225
-5.15463
-5.15776
-5.16108
-5.16717
-5.17843
-5.19547
-5.21879
-5.2451
-5.27283
-5.29738
-5.31385
-5.32101
-5.31785
-5.30356
-5.28306
-5.25704
-5.22877
-5.20122
-5.17678
-5.15658
-5.14269
-5.1351
-5.1333
-5.13973
-5.1525
-5.17021
-5.1904
-5.2106
-5.22873
-5.24101
-5.25035
-5.25635
-5.25987
-5.2616
-5.26165
-5.26144
-5.25723
-5.25048
-5.23854
-5.22097
-5.19859
-5.17573
-5.15532
-5.1403
-5.13222
-5.12913
-5.12867
-5.1274
-5.12723
-5.12875
-5.13335
-5.13956
-5.1505
-5.16033
-5.16739
-5.17083
-5.17065
-5.16607
-5.15683
-5.14477
-5.13346
-5.12469
-5.12201
-5.12673
-5.13709
-5.15216
-5.16829
-5.18389
-5.19715
-5.20518
-5.2114
-5.21216
-5.21157
-5.21143
-5.21368
-5.21713
-5.22031
-5.22043
-5.21353
-5.19813
-5.17569
-5.15214
-5.13568
-5.12507
-5.11824
-5.10951
-5.10048
-5.09696
-5.10262
-5.11869
-5.14285
-5.16821
-5.19265
-5.21421
-5.23072
-5.24548
-5.25918
-5.27253
-5.28498
-5.29739
-5.31012
-5.31939
-5.32398
-5.32374
-5.31738
-5.30529
-5.28806
-5.26783
-5.24669
-5.2268
-5.21207
-5.20276
-5.20065
-5.20358
-5.20742
-5.21173
-5.2112
-5.20565
-5.19314
-5.17519
-5.15235
-5.12902
-5.10705
-5.09137
-5.08069
-5.07497
-5.07369
-5.07886
-5.08918
-5.10507
-5.12764
-5.15222
-5.17823
-5.2023
-5.22176
-5.23451
-5.24155
-5.24152
-5.23716
-5.22948
-5.22056
-5.21233
-5.20654
-5.2047
-5.20394
-5.20349
-5.20222
-5.19777
-5.18895
-5.17511
-5.15846
-5.14201
-5.12877
-5.12007
-5.1151
-5.11395
-5.11674
-5.12199
-5.1293
-5.14178
-5.15847
-5.17942
-5.19974
-5.21853
-5.2325
-5.24311
-5.24874
-5.25093
-5.24999
-5.24713
-5.24466
-5.24146
-5.23665
-5.23216
-5.2258
-5.21571
-5.20343
-5.19106
-5.17915
-5.1723
-5.17234
-5.17851
-5.18855
-5.20221
-5.21716
-5.23139
-5.24651
-5.26115
-5.27414
-5.28508
-5.29353
-5.29919
-5.30327
-5.30484
-5.30211
-5.29522
-5.28687
-5.27849
-5.27115
-5.26874
-5.27048
-5.27683
-5.28337
-5.28729
-5.28811
-5.28183
-5.26877
-5.25011
-5.22776
-5.20541
-5.18428
-5.16701
-5.15278
-5.14
-5.12717
-5.11103
-5.09356
-5.07976
-5.07095
-5.06973
-5.07365
-5.07893
-5.08438
-5.08877
-5.09155
-5.09532
-5.09866
-5.10245
-5.10621
-5.11079
-5.11378
-5.11529
-5.11485
-5.11128
-5.10646
-5.10432
-5.10554
-5.11013
-5.11903
-5.12958
-5.14138
-5.15155
-5.16019
-5.16609
-5.16786
-5.1665
-5.16052
-5.15117
-5.14244
-5.13713
-5.13787
-5.14887
-5.16719
-5.19006
-5.21336
-5.2331
-5.24781
-5.25556
-5.25807
-5.25582
-5.2504
-5.24135
-5.22887
-5.21403
-5.19664
-5.17914
-5.16193
-5.14761
-5.13537
-5.12671
-5.12143
-5.12253
-5.13149
-5.14602
-5.16279
-5.17903
-5.19053
-5.19655
-5.1947
-5.1887
-5.17934
-5.16915
-5.15935
-5.15233
-5.14812
-5.14835
-5.15389
-5.16516
-5.18264
-5.20536
-5.22794
-5.24675
-5.26078
-5.26843
-5.26769
-5.25866
-5.24637
-5.23275
-5.22043
-5.21194
-5.20625
-5.2028
-5.20077
-5.19822
-5.19436
-5.18888
-5.18241
-5.17887
-5.17885
-5.18052
-5.18208
-5.1795
-5.17181
-5.16205
-5.15431
-5.15369
-5.1609
-5.17384
-5.18509
-5.19222
-5.1948
-5.1957
-5.19424
-5.19356
-5.19314
-5.19062
-5.18892
-5.18796
-5.18892
-5.19219
-5.19759
-5.20544
-5.21552
-5.22596
-5.23933
-5.25305
-5.26542
-5.27427
-5.2791
-5.27817
-5.27078
-5.25915
-5.24217
-5.22253
-5.19973
-5.17731
-5.1574
-5.14201
-5.13269
-5.12962
-5.13316
-5.13922
-5.15031
-5.16232
-5.17581
-5.18789
-5.19678
-5.20158
-5.20081
-5.19476
-5.1839
-5.16789
-5.15267
-5.14128
-5.13765
-5.13834
-5.1406
-5.14253
-5.14192
-5.14078
-5.13925
-5.13779
-5.13799
-5.13769
-5.13802
-5.13899
-5.1408
-5.14398
-5.15115
-5.15942
-5.16763
-5.17554
-5.18232
-5.18409
-5.18253
-5.17624
-5.16621
-5.15517
-5.14539
-5.1406
-5.14248
-5.15271
-5.1696
-5.18693
-5.20422
-5.21542
-5.22176
-5.22294
-5.22088
-5.21807
-5.21522
-5.21677
-5.22236
-5.22958
-5.23838
-5.2465
-5.25202
-5.25301
-5.25235
-5.24956
-5.2445
-5.23716
-5.23007
-5.22057
-5.21043
-5.19968
-5.1895
-5.18094
-5.17387
-5.16924
-5.1674
-5.16969
-5.17368
-5.1782
-5.18288
-5.1862
-5.1867
-5.18509
-5.18412
-5.18492
-5.18537
-5.18821
-5.19413
-5.20088
-5.20753
-5.21526
-5.22056
-5.22482
-5.22392
-5.22178
-5.21551
-5.20778
-5.19681
-5.18222
-5.16519
-5.14627
-5.12596
-5.11036
-5.10135
-5.10749
-5.13181
-5.16611
-5.19938
-5.22552
-5.24008
-5.24433
-5.23988
-5.2288
-5.21308
-5.19691
-5.17946
-5.16333
-5.14696
-5.13259
-5.11801
-5.10087
-5.0846
-5.06892
-5.05444
-5.04273
-5.03448
-5.03011
-5.0306
-5.03882
-5.05255
-5.07148
-5.09366
-5.11471
-5.13314
-5.14879
-5.15844
-5.16114
-5.15615
-5.14499
-5.12841
-5.10726
-5.08607
-5.06594
-5.04708
-5.03007
-5.01297
-4.99556
-4.98044
-4.97217
-4.97507
-4.98891
-5.01074
-5.03628
-5.06018
-5.07975
-5.09305
-5.09863
-5.09867
-5.0951
-5.08839
-5.08412
-5.08153
-5.08197
-5.0852
-5.09068
-5.09935
-5.11321
-5.13233
-5.15621
-5.1848
-5.21286
-5.23856
-5.25808
-5.26909
-5.27163
-5.26654
-5.25241
-5.23194
-5.20526
-5.17516
-5.14754
-5.12433
-5.10818
-5.09897
-5.09829
-5.10774
-5.12487
-5.14867
-5.17628
-5.20433
-5.22842
-5.24764
-5.25979
-5.26411
-5.26123
-5.25239
-5.24129
-5.22789
-5.2156
-5.20551
-5.19997
-5.19797
-5.19883
-5.20141
-5.20582
-5.2085
-5.21042
-5.20996
-5.20832
-5.20629
-5.20379
-5.20309
-5.20374
-5.20615
-5.20874
-5.2095
-5.20867
-5.20449
-5.19894
-5.19096
-5.18387
-5.1794
-5.17845
-5.1808
-5.18588
-5.19351
-5.20434
-5.21519
-5.22652
-5.23783
-5.24555
-5.25168
-5.25356
-5.25134
-5.24573
-5.23522
-5.22145
-5.20447
-5.18402
-5.16294
-5.14102
-5.12075
-5.10445
-5.09749
-5.09991
-5.1133
-5.13576
-5.16004
-5.18458
-5.20485
-5.21824
-5.22608
-5.22902
-5.22754
-5.22259
-5.21426
-5.20687
-5.20172
-5.1978
-5.19602
-5.19453
-5.19365
-5.19566
-5.19883
-5.20329
-5.20633
-5.20393
-5.20011
-5.19303
-5.18575
-5.17947
-5.17632
-5.1735
-5.17127
-5.16921
-5.16615
-5.16406
-5.16011
-5.1558
-5.14933
-5.14193
-5.13492
-5.13121
-5.13075
-5.13572
-5.14652
-5.1627
-5.18308
-5.20709
-5.22994
-5.24981
-5.26323
-5.2704
-5.26909
-5.2624
-5.24929
-5.23331
-5.21715
-5.20304
-5.19333
-5.19185
-5.19879
-5.21367
-5.23272
-5.25303
-5.26904
-5.27884
-5.27905
-5.27215
-5.25879
-5.24183
-5.22416
-5.20876
-5.19874
-5.19433
-5.19811
-5.20657
-5.21915
-5.23133
-5.24318
-5.25236
-5.25932
-5.26343
-5.26471
-5.26247
-5.25944
-5.25542
-5.25075
-5.24802
-5.24602
-5.24632
-5.24774
-5.25075
-5.25184
-5.25448
-5.256
-5.25917
-5.26398
-5.26937
-5.27498
-5.27897
-5.28013
-5.27707
-5.26948
-5.258
-5.24542
-5.23387
-5.22417
-5.22017
-5.21949
-5.22355
-5.23064
-5.23995
-5.2519
-5.26489
-5.27796
-5.28896
-5.2969
-5.29874
-5.29414
-5.28347
-5.26967
-5.25392
-5.23822
-5.22358
-5.21123
-5.20205
-5.19634
-5.19471
-5.19555
-5.20042
-5.20522
-5.20898
-5.20936
-5.2048
-5.19852
-5.19069
-5.18228
-5.17618
-5.17322
-5.1744
-5.18134
-5.19196
-5.20263
-5.21094
-5.21507
-5.21526
-5.21097
-5.2036
-5.19548
-5.18607
-5.17716
-5.1693
-5.16316
-5.15937
-5.16087
-5.16784
-5.17943
-5.19281
-5.2037
-5.20892
-5.2073
-5.19503
-5.17532
-5.14997
-5.12218
-5.09681
-5.07779
-5.0691
-5.07215
-5.08539
-5.10718
-5.13359
-5.162
-5.19103
-5.22105
-5.24946
-5.27396
-5.29547
-5.31002
-5.31818
-5.32006
-5.31847
-5.31374
-5.30638
-5.29695
-5.28447
-5.27074
-5.25435
-5.23498
-5.2105
-5.18486
-5.15828
-5.13498
-5.11746
-5.1063
-5.10044
-5.10153
-5.10258
-5.10403
-5.10587
-5.10713
-5.10813
-5.10884
-5.10944
-5.11112
-5.11498
-5.1198
-5.12361
-5.12428
-5.12019
-5.10939
-5.09412
-5.07549
-5.05607
-5.03554
-5.01567
-4.99959
-4.98787
-4.98489
-4.99108
-5.00568
-5.02803
-5.05828
-5.09199
-5.12762
-5.16221
-5.19463
-5.22207
-5.24321
-5.25658
-5.26405
-5.26675
-5.26515
-5.25943
-5.24994
-5.23851
-5.22449
-5.20959
-5.19657
-5.18661
-5.18408
-5.18914
-5.20043
-5.21614
-5.23273
-5.24824
-5.25746
-5.26221
-5.26146
-5.25646
-5.2476
-5.23714
-5.22509
-5.2152
-5.20816
-5.20826
-5.21506
-5.22788
-5.24335
-5.25776
-5.26988
-5.27628
-5.27935
-5.27791
-5.27233
-5.26344
-5.25249
-5.2393
-5.2254
-5.21081
-5.19609
-5.184
-5.17409
-5.16717
-5.16203
-5.15844
-5.15358
-5.14906
-5.14445
-5.13744
-5.13166
-5.12623
-5.1219
-5.11701
-5.11208
-5.1074
-5.10173
-5.09554
-5.09122
-5.08921
-5.09162
-5.09922
-5.11341
-5.13157
-5.15611
-5.18212
-5.20731
-5.23191
-5.25375
-5.26846
-5.2773
-5.2779
-5.27199
-5.26148
-5.2469
-5.23023
-5.21188
-5.19345
-5.17415
-5.15567
-5.1394
-5.12579
-5.11894
-5.11926
-5.12682
-5.13967
-5.15373
-5.167
-5.17765
-5.18643
-5.19225
-5.19843
-5.20378
-5.20993
-5.21722
-5.22506
-5.23664
-5.2487
-5.2609
-5.27405
-5.28344
-5.29078
-5.29435
-5.29379
-5.28942
-5.28294
-5.27213
-5.25745
-5.24134
-5.22587
-5.20876
-5.19338
-5.18069
-5.17085
-5.16224
-5.15526
-5.14652
-5.13555
-5.12427
-5.11194
-5.10014
-5.09119
-5.08522
-5.0812
-5.07819
-5.07529
-5.07202
-5.06764
-5.0631
-5.05873
-5.0536
-5.0495
-5.04471
-5.04055
-5.03949
-5.04021
-5.04265
-5.04472
-5.04666
-5.0451
-5.04154
-5.03637
-5.02943
-5.0247
-5.02379
-5.02773
-5.03499
-5.04477
-5.05896
-5.07575
-5.09875
-5.12441
-5.14978
-5.17177
-5.18621
-5.19476
-5.19811
-5.1935
-5.18324
-5.16875
-5.15164
-5.13503
-5.12142
-5.11333
-5.1116
-5.1155
-5.12479
-5.13565
-5.14705
-5.15885
-5.16826
-5.17651
-5.18243
-5.18611
-5.18764
-5.1873
-5.18216
-5.17473
-5.16458
-5.15383
-5.14483
-5.13861
-5.13785
-5.14178
-5.15007
-5.16086
-5.17168
-5.18013
-5.18299
-5.17882
-5.16905
-5.15329
-5.13623
-5.1175
-5.10024
-5.08464
-5.07218
-5.06109
-5.05202
-5.04655
-5.04521
-5.04554
-5.04827
-5.05502
-5.06282
-5.07421
-5.09118
-5.11309
-5.14115
-5.17125
-5.1992
-5.21904
-5.22696
-5.22527
-5.21372
-5.19359
-5.1708
-5.1467
-5.12684
-5.11271
-5.10471
-5.1017
-5.10153
-5.1003
-5.09553
-5.08611
-5.07511
-5.06955
-5.07631
-5.09548
-5.1221
-5.14679
-5.16612
-5.17862
-5.18568
-5.18871
-5.18965
-5.18761
-5.18318
-5.17853
-5.17206
-5.16322
-5.15187
-5.13797
-5.12297
-5.11027
-5.10194
-5.09933
-5.09905
-5.09893
-5.10039
-5.10143
-5.10344
-5.10843
-5.1143
-5.12138
-5.13101
-5.13789
-5.14348
-5.14819
-5.15065
-5.15232
-5.15429
-5.16076
-5.17074
-5.18277
-5.19365
-5.20257
-5.20592
-5.203
-5.19271
-5.17775
-5.15852
-5.13593
-5.11112
-5.08589
-5.06261
-5.04253
-5.02613
-5.01475
-5.00798
-5.00727
-5.00823
-5.01064
-5.01333
-5.01835
-5.02405
-5.02961
-5.03584
-5.0415
-5.04385
-5.04362
-5.04156
-5.03913
-5.0381
-5.04196
-5.04977
-5.06202
-5.07684
-5.0933
-5.10894
-5.123
-5.13574
-5.14582
-5.15452
-5.16371
-5.17174
-5.17992
-5.18526
-5.18852
-5.18752
-5.18448
-5.18099
-5.17858
-5.18126
-5.18981
-5.20378
-5.21914
-5.23302
-5.24099
-5.24122
-5.23288
-5.2182
-5.1989
-5.17694
-5.15423
-5.13302
-5.11567
-5.10273
-5.09698
-5.09653
-5.10165
-5.11319
-5.13145
-5.15552
-5.18332
-5.21102
-5.23733
-5.25817
-5.27171
-5.27844
-5.27589
-5.26639
-5.25133
-5.23382
-5.21592
-5.20119
-5.19461
-5.19968
-5.21348
-5.23027
-5.24835
-5.25955
-5.26612
-5.26697
-5.26324
-5.25475
-5.24211
-5.2268
-5.21086
-5.19603
-5.18273
-5.17748
-5.17955
-5.18799
-5.20211
-5.21703
-5.23079
-5.24134
-5.24519
-5.24231
-5.23623
-5.22478
-5.21147
-5.19594
-5.17959
-5.16219
-5.14357
-5.12583
-5.11194
-5.10609
-5.10971
-5.11897
-5.13185
-5.14378
-5.15471
-5.16343
-5.16902
-5.17189
-5.17099
-5.16636
-5.15875
-5.14805
-5.13966
-5.13385
-5.13634
-5.14856
-5.16937
-5.19458
-5.21881
-5.24165
-5.25973
-5.2757
-5.29297
-5.30913
-5.32585
-5.33851
-5.3446
-5.34577
-5.33646
-5.31902
-5.29603
-5.26934
-5.2416
-5.2125
-5.18513
-5.15876
-5.13508
-5.11658
-5.10222
-5.09354
-5.09258
-5.09952
-5.11382
-5.13049
-5.14996
-5.16879
-5.18504
-5.20056
-5.21518
-5.23037
-5.24551
-5.25987
-5.2701
-5.27508
-5.27357
-5.26353
-5.24731
-5.22888
-5.2105
-5.19679
-5.19175
-5.19004
-5.18985
-5.18928
-5.18566
-5.17921
-5.17473
-5.17157
-5.17182
-5.17471
-5.17982
-5.18692
-5.19402
-5.20099
-5.2088
-5.21462
-5.21728
-5.21526
-5.20856
-5.19774
-5.18263
-5.16575
-5.15164
-5.14035
-5.13295
-5.12773
-5.12373
-5.11969
-5.11332
-5.10689
-5.10013
-5.09283
-5.08618
-5.08194
-5.08246
-5.08779
-5.10045
-5.11758
-5.13988
-5.16537
-5.1911
-5.21279
-5.22905
-5.23642
-5.23748
-5.23382
-5.22895
-5.22416
-5.21946
-5.21481
-5.20974
-5.20244
-5.19435
-5.18627
-5.17944
-5.17268
-5.16785
-5.16357
-5.16094
-5.15778
-5.15355
-5.14798
-5.14275
-5.13876
-5.13621
-5.13845
-5.14511
-5.15864
-5.17612
-5.19353
-5.20824
-5.22063
-5.22688
-5.22535
-5.21824
-5.20341
-5.18491
-5.16512
-5.14535
-5.12915
-5.11635
-5.10791
-5.10172
-5.09822
-5.0954
-5.09361
-5.09416
-5.0953
-5.09736
-5.09854
-5.09715
-5.0965
-5.09638
-5.09885
-5.10464
-5.11451
-5.12586
-5.13677
-5.1468
-5.15238
-5.15275
-5.14752
-5.13927
-5.12936
-5.12324
-5.12079
-5.12185
-5.12651
-5.13051
-5.13401
-5.13804
-5.14112
-5.14545
-5.15133
-5.15541
-5.15701
-5.15506
-5.15088
-5.14334
-5.13563
-5.12896
-5.12421
-5.12256
-5.12336
-5.1285
-5.13775
-5.14882
-5.16184
-5.17366
-5.18272
-5.19007
-5.19507
-5.19972
-5.20084
-5.19824
-5.19303
-5.18247
-5.16637
-5.1477
-5.12494
-5.10154
-5.07955
-5.06448
-5.05637
-5.05455
-5.05987
-5.0682
-5.08036
-5.09506
-5.10976
-5.12455
-5.13975
-5.15404
-5.16569
-5.17351
-5.17709
-5.17581
-5.17009
-5.16468
-5.15775
-5.15349
-5.15145
-5.15253
-5.15559
-5.15968
-5.16346
-5.16722
-5.1687
-5.16921
-5.17125
-5.17349
-5.17779
-5.18057
-5.18445
-5.18735
-5.19039
-5.19307
-5.19458
-5.19516
-5.19487
-5.19241
-5.18864
-5.18468
-5.18423
-5.18587
-5.1906
-5.19704
-5.2045
-5.21077
-5.2164
-5.21892
-5.21899
-5.21478
-5.20583
-5.19259
-5.17772
-5.16402
-5.15285
-5.14678
-5.14632
-5.15166
-5.16216
-5.1736
-5.18555
-5.19494
-5.19935
-5.19756
-5.18952
-5.1778
-5.16184
-5.14591
-5.12949
-5.1154
-5.10516
-5.09994
-5.10013
-5.10644
-5.11533
-5.12993
-5.14394
-5.16129
-5.17788
-5.19495
-5.21127
-5.2254
-5.23524
-5.23974
-5.2363
-5.22335
-5.19943
-5.16766
-5.13014
-5.09332
-5.06112
-5.04073
-5.03299
-5.03732
-5.04941
-5.06517
-5.08023
-5.09506
-5.11038
-5.12629
-5.14664
-5.16869
-5.19255
-5.21632
-5.23757
-5.25751
-5.27097
-5.28062
-5.28601
-5.28667
-5.28274
-5.27839
-5.27037
-5.26025
-5.24783
-5.2349
-5.22021
-5.2042
-5.18879
-5.17262
-5.1561
-5.14139
-5.1269
-5.11354
-5.10481
-5.0965
-5.09616
-5.10101
-5.11254
-5.13108
-5.15614
-5.18513
-5.21331
-5.24141
-5.26488
-5.28166
-5.28974
-5.29004
-5.28303
-5.27225
-5.25784
-5.23904
-5.21885
-5.19577
-5.17289
-5.15207
-5.13676
-5.12876
-5.12579
-5.12906
-5.13555
-5.14225
-5.14975
-5.15547
-5.1601
-5.16143
-5.16137
-5.16101
-5.15751
-5.15427
-5.15007
-5.14854
-5.14895
-5.15081
-5.15312
-5.15736
-5.1599
-5.16313
-5.16454
-5.16417
-5.16114
-5.15739
-5.1535
-5.14977
-5.14705
-5.14592
-5.14701
-5.14881
-5.15199
-5.15587
-5.16008
-5.16476
-5.17199
-5.18117
-5.19197
-5.20383
-5.21389
-5.22134
-5.22299
-5.21876
-5.20759
-5.18894
-5.16314
-5.13545
-5.10774
-5.085
-5.07004
-5.06629
-5.07464
-5.09158
-5.11211
-5.13178
-5.14767
-5.15777
-5.16128
-5.16078
-5.15811
-5.1543
-5.15168
-5.14949
-5.14578
-5.14078
-5.13288
-5.12388
-5.11677
-5.11533
-5.12271
-5.13609
-5.15394
-5.17112
-5.18251
-5.18562
-5.18373
-5.1762
-5.16606
-5.15634
-5.15055
-5.14977
-5.15732
-5.16978
-5.18689
-5.20443
-5.21946
-5.23181
-5.23909
-5.24438
-5.2476
-5.24964
-5.25239
-5.25701
-5.26267
-5.26735
-5.27023
-5.27006
-5.26646
-5.25965
-5.25191
-5.24246
-5.23507
-5.23202
-5.23161
-5.23308
-5.23523
-5.23651
-5.23784
-5.2389
-5.24167
-5.2464
-5.25285
-5.25897
-5.26439
-5.26465
-5.26086
-5.25172
-5.23881
-5.22396
-5.20899
-5.19528
-5.1863
-5.1801
-5.17802
-5.18094
-5.18714
-5.19652
-5.20738
-5.21644
-5.22467
-5.23142
-5.23464
-5.23691
-5.23949
-5.24076
-5.24146
-5.24251
-5.2432
-5.24044
-5.23735
-5.23359
-5.22947
-5.22459
-5.22168
-5.22132
-5.22223
-5.22699
-5.23568
-5.24685
-5.26024
-5.27313
-5.28337
-5.29283
-5.30049
-5.30838
-5.31381
-5.31496
-5.31189
-5.30339
-5.29072
-5.27288
-5.25329
-5.23102
-5.20844
-5.18711
-5.17127
-5.16146
-5.16096
-5.16669
-5.1791
-5.1943
-5.21048
-5.22655
-5.24184
-5.25706
-5.27103
-5.2845
-5.29716
-5.30838
-5.31756
-5.32405
-5.32696
-5.32393
-5.31714
-5.30465
-5.28807
-5.26809
-5.24641
-5.22615
-5.20846
-5.19503
-5.18651
-5.18377
-5.18396
-5.18652
-5.18886
-5.18926
-5.18823
-5.18262
-5.17283
-5.15681
-5.13699
-5.11337
-5.08676
-5.06163
-5.04336
-5.03474
-5.03811
-5.05154
-5.07382
-5.10005
-5.12572
-5.14592
-5.15787
-5.15897
-5.15253
-5.14295
-5.13567
-5.13565
-5.14525
-5.16362
-5.18672
-5.209
-5.22772
-5.2401
-5.24608
-5.24514
-5.24262
-5.2362
-5.23246
-5.23087
-5.22872
-5.2266
-5.22068
-5.21139
-5.20033
-5.18436
-5.16738
-5.14833
-5.12859
-5.10976
-5.09378
-5.08366
-5.08027
-5.08421
-5.09528
-5.11206
-5.13227
-5.15287
-5.17106
-5.18457
-5.19382
-5.19429
-5.18979
-5.18054
-5.16803
-5.15445
-5.1407
-5.12606
-5.10934
-5.09221
-5.07529
-5.06039
-5.05113
-5.04804
-5.05004
-5.0599
-5.07551
-5.09406
-5.11303
-5.13121
-5.14455
-5.15417
-5.15828
-5.15604
-5.1486
-5.13672
-5.12369
-5.10945
-5.09677
-5.08872
-5.08418
-5.08432
-5.08841
-5.09493
-5.10207
-5.1105
-5.12052
-5.134
-5.14901
-5.16671
-5.18771
-5.20797
-5.22406
-5.23487
-5.23763
-5.22979
-5.21272
-5.18828
-5.15793
-5.12726
-5.09924
-5.07711
-5.06294
-5.05719
-5.05901
-5.06596
-5.07595
-5.08525
-5.09291
-5.09847
-5.1037
-5.10832
-5.11406
-5.12319
-5.13482
-5.14815
-5.16497
-5.18338
-5.20152
-5.21681
-5.22877
-5.23501
-5.23592
-5.23059
-5.22166
-5.21233
-5.20648
-5.20701
-5.21597
-5.23109
-5.24884
-5.26555
-5.27811
-5.28571
-5.28704
-5.28285
-5.27721
-5.26975
-5.26184
-5.25541
-5.24949
-5.24381
-5.23856
-5.23019
-5.21924
-5.20516
-5.18929
-5.17028
-5.15322
-5.14012
-5.13293
-5.13419
-5.14315
-5.15794
-5.17407
-5.18879
-5.20321
-5.21575
-5.22557
-5.23279
-5.23957
-5.2448
-5.24905
-5.25503
-5.25933
-5.26464
-5.26841
-5.27107
-5.27147
-5.26946
-5.26497
-5.25845
-5.24942
-5.23982
-5.23023
-5.22237
-5.21489
-5.21074
-5.20772
-5.20606
-5.20355
-5.19884
-5.19075
-5.17965
-5.16604
-5.15221
-5.13691
-5.12343
-5.1127
-5.1055
-5.10296
-5.10585
-5.11169
-5.11918
-5.12922
-5.13902
-5.1526
-5.16776
-5.18385
-5.20274
-5.22247
-5.24274
-5.26214
-5.27875
-5.28939
-5.2936
-5.28936
-5.27789
-5.25904
-5.23526
-5.20828
-5.18174
-5.1591
-5.1388
-5.12155
-5.10339
-5.08473
-5.06407
-5.04257
-5.02274
-5.00806
-4.99901
-4.99295
-4.98881
-4.9855
-4.98058
-4.97519
-4.97227
-4.97543
-4.9848
-5.00304
-5.0285
-5.05668
-5.08333
-5.10769
-5.12672
-5.13812
-5.14218
-5.1384
-5.12542
-5.10838
-5.08706
-5.06422
-5.04232
-5.02422
-5.01291
-5.00883
-5.01061
-5.01824
-5.03115
-5.04816
-5.06881
-5.09139
-5.11324
-5.1345
-5.15108
-5.16321
-5.17029
-5.17301
-5.16996
-5.15994
-5.14686
-5.1313
-5.11575
-5.10316
-5.09657
-5.09816
-5.10856
-5.12598
-5.14647
-5.1682
-5.18743
-5.20391
-5.22077
-5.23488
-5.24976
-5.2617
-5.26928
-5.27133
-5.26713
-5.25522
-5.23709
-5.21557
-5.19348
-5.17752
-5.17183
-5.17402
-5.18379
-5.19556
-5.20467
-5.20576
-5.19882
-5.18373
-5.16302
-5.13875
-5.11289
-5.08817
-5.06713
-5.04726
-5.03164
-5.02216
-5.01769
-5.02052
-5.03138
-5.04846
-5.06907
-5.09084
-5.11123
-5.12766
-5.14039
-5.14675
-5.14829
-5.14375
-5.13668
-5.12784
-5.11661
-5.10683
-5.09785
-5.09204
-5.08715
-5.08238
-5.07746
-5.07196
-5.07256
-5.08027
-5.09759
-5.12161
-5.14795
-5.17341
-5.195
-5.21311
-5.22991
-5.24338
-5.25469
-5.26094
-5.26192
-5.25674
-5.24662
-5.2343
-5.22215
-5.21218
-5.20959
-5.21337
-5.22256
-5.23411
-5.2429
-5.24767
-5.24558
-5.23683
-5.22195
-5.20388
-5.18438
-5.16978
-5.16238
-5.16281
-5.17055
-5.18121
-5.1922
-5.19894
-5.19778
-5.19143
-5.17919
-5.1656
-5.15553
-5.15215
-5.15703
-5.1666
-5.17838
-5.19217
-5.20432
-5.21429
-5.22301
-5.22735
-5.22508
-5.21446
-5.1976
-5.17354
-5.14609
-5.11833
-5.09492
-5.07945
-5.07408
-5.08093
-5.09623
-5.11865
-5.14299
-5.1691
-5.19292
-5.21098
-5.22283
-5.22669
-5.22626
-5.22236
-5.21708
-5.21324
-5.21212
-5.21237
-5.21622
-5.22005
-5.22379
-5.22723
-5.22975
-5.23282
-5.23669
-5.2402
-5.24566
-5.25277
-5.25899
-5.26665
-5.27274
-5.27703
-5.27869
-5.2763
-5.2695
-5.25813
-5.24316
-5.2254
-5.20538
-5.18169
-5.15763
-5.13517
-5.114
-5.09454
-5.07865
-5.06436
-5.04925
-5.03351
-5.01893
-5.00541
-4.99594
-4.99159
-4.99426
-5.00442
-5.02183
-5.04227
-5.06264
-5.08027
-5.09328
-5.10003
-5.10432
-5.10342
-5.10117
-5.09744
-5.09501
-5.09349
-5.09344
-5.09359
-5.09418
-5.09345
-5.09616
-5.09828
-5.10189
-5.10568
-5.11008
-5.11315
-5.11836
-5.1263
-5.13916
-5.1566
-5.17743
-5.19927
-5.22128
-5.24211
-5.25896
-5.27114
-5.27788
-5.27882
-5.27449
-5.26675
-5.25463
-5.24032
-5.22548
-5.21028
-5.19542
-5.18365
-5.17437
-5.16851
-5.16566
-5.1637
-5.16057
-5.15544
-5.14922
-5.14397
-5.13745
-5.13385
-5.1323
-5.13405
-5.13955
-5.14749
-5.15812
-5.17013
-5.18221
-5.19258
-5.20083
-5.20572
-5.20846
-5.20646
-5.20211
-5.1936
-5.18076
-5.16739
-5.1576
-5.15236
-5.1539
-5.1627
-5.179
-5.19746
-5.21525
-5.23107
-5.24056
-5.24583
-5.24413
-5.23819
-5.23096
-5.22406
-5.21938
-5.21856
-5.22117
-5.22573
-5.23044
-5.23296
-5.23152
-5.2262
-5.21672
-5.20637
-5.19622
-5.18734
-5.18145
-5.17896
-5.18015
-5.18352
-5.18863
-5.19227
-5.19396
-5.19309
-5.18992
-5.18285
-5.17546
-5.16907
-5.16515
-5.16759
-5.17575
-5.18782
-5.1996
-5.20975
-5.21552
-5.21701
-5.21428
-5.20877
-5.20021
-5.19033
-5.18144
-5.17575
-5.17303
-5.17267
-5.17377
-5.17588
-5.17811
-5.18093
-5.18408
-5.18557
-5.18357
-5.17711
-5.16732
-5.15524
-5.14225
-5.12986
-5.1215
-5.12129
-5.12521
-5.13176
-5.13956
-5.14779
-5.15503
-5.16056
-5.16394
-5.16567
-5.16544
-5.16481
-5.16135
-5.15765
-5.15411
-5.15029
-5.14723
-5.14536
-5.14268
-5.13976
-5.13704
-5.13606
-5.13581
-5.13569
-5.1373
-5.14075
-5.14392
-5.14707
-5.15018
-5.15272
-5.15612
-5.1606
-5.16799
-5.17699
-5.19034
-5.20576
-5.22272
-5.24087
-5.25611
-5.26861
-5.27675
-5.27896
-5.27875
-5.2719
-5.26149
-5.24876
-5.2382
-5.22795
-5.22081
-5.21703
-5.21732
-5.21896
-5.22217
-5.225
-5.22527
-5.22196
-5.21595
-5.20583
-5.19283
-5.17799
-5.16239
-5.14731
-5.14
-5.13855
-5.14279
-5.15255
-5.16408
-5.17594
-5.18581
-5.19229
-5.19504
-5.19782
-5.20141
-5.2072
-5.2167
-5.2273
-5.23793
-5.24498
-5.24778
-5.24773
-5.24659
-5.24285
-5.23756
-5.23005
-5.21894
-5.20589
-5.18968
-5.16885
-5.14494
-5.11836
-5.08941
-5.06237
-5.03977
-5.02403
-5.01756
-5.01677
-5.02304
-5.03607
-5.05493
-5.08376
-5.11943
-5.1591
-5.19749
-5.23053
-5.25268
-5.2635
-5.26458
-5.25859
-5.2511
-5.24582
-5.24252
-5.24008
-5.23465
-5.22376
-5.20433
-5.17873
-5.15011
-5.12205
-5.10325
-5.09623
-5.10392
-5.12209
-5.14437
-5.16495
-5.1823
-5.19387
-5.2016
-5.20638
-5.20925
-5.20976
-5.21137
-5.21293
-5.21569
-5.21645
-5.218
-5.21606
-5.21286
-5.20773
-5.2044
-5.20385
-5.20482
-5.2094
-5.21355
-5.2175
-5.22162
-5.22705
-5.23135
-5.23413
-5.2302
-5.22075
-5.20344
-5.1773
-5.14549
-5.11222
-5.08223
-5.06059
-5.05059
-5.05221
-5.06422
-5.08233
-5.10217
-5.12138
-5.13843
-5.15272
-5.16207
-5.16618
-5.16709
-5.16499
-5.16117
-5.15566
-5.14773
-5.13774
-5.12518
-5.10913
-5.09005
-5.06638
-5.04105
-5.01608
-4.99782
-4.98964
-4.99718
-5.02491
-5.06943
-5.12136
-5.16969
-5.20716
-5.23257
-5.24695
-5.25422
-5.25766
-5.25958
-5.25858
-5.25415
-5.24659
-5.23505
-5.21685
-5.19352
-5.16594
-5.13803
-5.11285
-5.09254
-5.08101
-5.07866
-5.07959
-5.08229
-5.08348
-5.08289
-5.08097
-5.08018
-5.08012
-5.08211
-5.0825
-5.08029
-5.07651
-5.0745
-5.08197
-5.10014
-5.12475
-5.14793
-5.16399
-5.17367
-5.17612
-5.17604
-5.17374
-5.17123
-5.17284
-5.17552
-5.18368
-5.19424
-5.2069
-5.21899
-5.22951
-5.23501
-5.23672
-5.23285
-5.22332
-5.21047
-5.19396
-5.1778
-5.1649
-5.1584
-5.15717
-5.16139
-5.16753
-5.1716
-5.17163
-5.16486
-5.15169
-5.1331
-5.10953
-5.08517
-5.06319
-5.0463
-5.03721
-5.03467
-5.03837
-5.04796
-5.0641
-5.08187
-5.10291
-5.12494
-5.14643
-5.16583
-5.18262
-5.1932
-5.19731
-5.19337
-5.18405
-5.17167
-5.15967
-5.14887
-5.14224
-5.13986
-5.14009
-5.14103
-5.14258
-5.14327
-5.14053
-5.13509
-5.12568
-5.11464
-5.10463
-5.09609
-5.09061
-5.08628
-5.08219
-5.0775
-5.07332
-5.07091
-5.07212
-5.07333
-5.07392
-5.07531
-5.07527
-5.07374
-5.07174
-5.06854
-5.06271
-5.05516
-5.046
-5.03576
-5.02347
-5.00985
-4.99634
-4.98491
-4.97672
-4.97215
-4.96999
-4.96987
-4.96969
-4.96722
-4.96131
-4.95541
-4.94963
-4.94701
-4.95161
-4.9623
-4.97763
-4.99585
-5.01367
-5.02854
-5.03746
-5.04144
-5.04077
-5.03797
-5.03494
-5.03386
-5.03517
-5.0404
-5.04739
-5.05479
-5.06188
-5.06692
-5.06838
-5.06779
-5.06308
-5.05739
-5.05353
-5.05508
-5.06181
-5.07548
-5.09363
-5.11185
-5.12855
-5.13899
-5.14572
-5.14492
-5.13858
-5.12816
-5.1139
-5.09903
-5.08496
-5.0739
-5.0648
-5.05789
-5.0515
-5.04667
-5.04135
-5.03438
-5.02609
-5.01666
-5.00815
-5.00045
-4.99493
-4.99241
-4.99211
-4.99521
-4.99958
-5.00504
-5.00938
-5.0148
-5.0206
-5.02705
-5.03569
-5.04702
-5.06072
-5.07419
-5.08655
-5.09789
-5.10827
-5.11711
-5.12387
-5.12775
-5.12672
-5.1199
-5.10727
-5.08992
-5.06889
-5.04506
-5.02156
-4.99829
-4.98189
-4.97266
-4.97512
-4.99049
-5.01917
-5.05658
-5.09542
-5.1315
-5.16093
-5.183
-5.19742
-5.20677
-5.21385
-5.22122
-5.22779
-5.23376
-5.24004
-5.24362
-5.24539
-5.24116
-5.23354
-5.2219
-5.20551
-5.18544
-5.16295
-5.14107
-5.12201
-5.10498
-5.09108
-5.07933
-5.07029
-5.06288
-5.05391
-5.04363
-5.03225
-5.02212
-5.01231
-5.0024
-4.99511
-4.99034
-4.98802
-4.98964
-4.99484
-5.00606
-5.0202
-5.03348
-5.04227
-5.04696
-5.04321
-5.03455
-5.02216
-5.01114
-5.00312
-5.00282
-5.00889
-5.01674
-5.02134
-5.02291
-5.02284
-5.02039
-5.01775
-5.01767
-5.019
-5.02209
-5.02762
-5.03274
-5.03844
-5.04341
-5.04948
-5.06017
-5.0738
-5.08889
-5.10398
-5.11544
-5.12392
-5.12925
-5.13292
-5.13743
-5.1424
-5.14689
-5.15015
-5.15119
-5.15077
-5.14956
-5.14658
-5.14101
-5.13311
-5.1194
-5.10224
-5.08252
-5.06415
-5.05294
-5.05153
-5.06043
-5.07665
-5.09734
-5.11463
-5.12459
-5.12408
-5.11187
-5.09164
-5.07024
-5.05826
-5.05963
-5.07096
-5.08368
-5.09075
-5.08983
-5.08384
-5.07116
-5.05667
-5.04252
-5.03215
-5.02791
-5.03028
-5.03803
-5.04921
-5.06247
-5.0753
-5.08603
-5.0946
-5.1013
-5.10638
-5.10976
-5.11103
-5.11025
-5.1078
-5.10214
-5.09827
-5.09659
-5.09908
-5.10529
-5.11243
-5.11768
-5.12065
-5.11993
-5.11578
-5.10983
-5.10245
-5.09476
-5.08759
-5.08067
-5.07185
-5.06061
-5.04699
-5.03033
-5.01419
-5.00243
-4.99936
-5.00746
-5.02244
-5.04414
-5.06611
-5.08684
-5.10239
-5.11408
-5.11776
-5.11475
-5.10354
-5.08434
-5.05668
-5.0247
-4.9928
-4.96603
-4.94927
-4.94299
-4.94361
-4.95236
-4.96234
-4.97443
-4.98689
-4.99902
-5.01059
-5.02223
-5.03224
-5.04157
-5.05048
-5.05917
-5.06987
-5.08038
-5.09147
-5.10252
-5.11085
-5.1171
-5.12365
-5.12751
-5.12974
-5.13167
-5.13185
-5.12904
-5.12315
-5.11786
-5.11506
-5.11906
-5.12754
-5.13372
-5.13322
-5.12246
-5.10435
-5.08261
-5.05938
-5.03951
-5.02471
-5.01585
-5.01474
-5.02141
-5.03324
-5.04703
-5.05945
-5.06778
-5.07319
-5.07452
-5.07342
-5.07252
-5.07495
-5.0824
-5.09317
-5.10536
-5.11707
-5.12521
-5.13056
-5.13511
-5.14186
-5.14934
-5.15734
-5.16365
-5.16734
-5.16786
-5.16767
-5.16696
-5.16848
-5.1722
-5.17406
-5.1758
-5.17337
-5.16736
-5.15444
-5.1345
-5.10942
-5.07986
-5.05147
-5.02756
-5.01496
-5.01272
-5.02211
-5.03889
-5.05855
-5.076
-5.0887
-5.09831
-5.10455
-5.11075
-5.11674
-5.12339
-5.12739
-5.12819
-5.12439
-5.11327
-5.10017
-5.08489
-5.07211
-5.06423
-5.06266
-5.06427
-5.06523
-5.06571
-5.06841
-5.07012
-5.07268
-5.07626
-5.08168
-5.08902
-5.09912
-5.11383
-5.12932
-5.14381
-5.15488
-5.15994
-5.15838
-5.15387
-5.14483
-5.13809
-5.13341
-5.13383
-5.14145
-5.15096
-5.16341
-5.17545
-5.18509
-5.19362
-5.20056
-5.20581
-5.20914
-5.20943
-5.20654
-5.20131
-5.19367
-5.18517
-5.17816
-5.17131
-5.1659
-5.16143
-5.15804
-5.15363
-5.15014
-5.14382
-5.1353
-5.12217
-5.10511
-5.08602
-5.06822
-5.05403
-5.04466
-5.03922
-5.03785
-5.03956
-5.04441
-5.05353
-5.0657
-5.08163
-5.0969
-5.11031
-5.12319
-5.13349
-5.14178
-5.14744
-5.14865
-5.14457
-5.13545
-5.12151
-5.1065
-5.09177
-5.08132
-5.07658
-5.07966
-5.08698
-5.09555
-5.10422
-5.10836
-5.10863
-5.10527
-5.09747
-5.08692
-5.07545
-5.06309
-5.05141
-5.04333
-5.04073
-5.04052
-5.04882
-5.05989
-5.07316
-5.08556
-5.09533
-5.10051
-5.10287
-5.10131
-5.0984
-5.09545
-5.09235
-5.08905
-5.08493
-5.08227
-5.08157
-5.0836
-5.08821
-5.09386
-5.10015
-5.10453
-5.10602
-5.10575
-5.10493
-5.10618
-5.10902
-5.11459
-5.1189
-5.12
-5.11754
-5.10971
-5.09795
-5.08215
-5.06673
-5.05293
-5.04567
-5.04736
-5.05732
-5.07639
-5.10054
-5.12667
-5.14956
-5.16981
-5.18226
-5.18305
-5.1752
-5.15755
-5.13453
-5.10774
-5.08
-5.05502
-5.03685
-5.02681
-5.02546
-5.03087
-5.04283
-5.05747
-5.07549
-5.09311
-5.10996
-5.12536
-5.13826
-5.14675
-5.15261
-5.15478
-5.15443
-5.15322
-5.15171
-5.1524
-5.15692
-5.16418
-5.17217
-5.17899
-5.18166
-5.17921
-5.17189
-5.1597
-5.14102
-5.11922
-5.09536
-5.0701
-5.04715
-5.03157
-5.02584
-5.03338
-5.04906
-5.07235
-5.09712
-5.11766
-5.13293
-5.14094
-5.1428
-5.14365
-5.1468
-5.15488
-5.16567
-5.17572
-5.18265
-5.18239
-5.17509
-5.16196
-5.14531
-5.12649
-5.11149
-5.09867
-5.0909
-5.08624
-5.08681
-5.08968
-5.09513
-5.10121
-5.10796
-5.11521
-5.12397
-5.13268
-5.14227
-5.15364
-5.16509
-5.1754
-5.18516
-5.19169
-5.19384
-5.19291
-5.18735
-5.17945
-5.16909
-5.15814
-5.14751
-5.13901
-5.13421
-5.13306
-5.13651
-5.14302
-5.14966
-5.1556
-5.15991
-5.16142
-5.16088
-5.16055
-5.15856
-5.1566
-5.15348
-5.14864
-5.14389
-5.13751
-5.13041
-5.12439
-5.11964
-5.11734
-5.1156
-5.11585
-5.11743
-5.12051
-5.12337
-5.12735
-5.13248
-5.13946
-5.14586
-5.15201
-5.15747
-5.1634
-5.16903
-5.17471
-5.18111
-5.18696
-5.19363
-5.1997
-5.20646
-5.21072
-5.21327
-5.21396
-5.21419
-5.21346
-5.21419
-5.21362
-5.2115
-5.20691
-5.19943
-5.19021
-5.17901
-5.17064
-5.16476
-5.16153
-5.15759
-5.15323
-5.14391
-5.13322
-5.1217
-5.11403
-5.11172
-5.11552
-5.12328
-5.13495
-5.1496
-5.16582
-5.18192
-5.19738
-5.21073
-5.22083
-5.22554
-5.22419
-5.21456
-5.19757
-5.17816
-5.15811
-5.14056
-5.12778
-5.12029
-5.11593
-5.11355
-5.11453
-5.11629
-5.11855
-5.12303
-5.13032
-5.13847
-5.14646
-5.15466
-5.15982
-5.1622
-5.16305
-5.16278
-5.16285
-5.16058
-5.15395
-5.14186
-5.12536
-5.10607
-5.08626
-5.06993
-5.05576
-5.042
-5.02956
-5.01573
-5.00074
-4.98648
-4.97459
-4.96765
-4.96646
-4.96934
-4.97572
-4.9855
-4.99627
-5.00707
-5.01805
-5.02806
-5.03385
-5.03354
-5.02715
-5.01499
-5.00115
-4.98615
-4.97273
-4.96262
-4.95695
-4.96049
-4.97198
-4.99133
-5.01731
-5.04311
-5.06771
-5.08734
-5.10277
-5.11825
-5.1351
-5.152
-5.16619
-5.17619
-5.17965
-5.17759
-5.16895
-5.15763
-5.14512
-5.13041
-5.11627
-5.10284
-5.09294
-5.08649
-5.08404
-5.08286
-5.08322
-5.08156
-5.07786
-5.06809
-5.05499
-5.03727
-5.02099
-5.00769
-4.99991
-5.00009
-5.00781
-5.02256
-5.04235
-5.06771
-5.09672
-5.12569
-5.15292
-5.17539
-5.19108
-5.19773
-5.19503
-5.18537
-5.17096
-5.15703
-5.14675
-5.1415
-5.14409
-5.14924
-5.15478
-5.15919
-5.15983
-5.15924
-5.15401
-5.14878
-5.14529
-5.14314
-5.14521
-5.14939
-5.1585
-5.1685
-5.17888
-5.18776
-5.19323
-5.19365
-5.18935
-5.18022
-5.16755
-5.15131
-5.13406
-5.11509
-5.09535
-5.07441
-5.05394
-5.03367
-5.0163
-5.0031
-4.99127
-4.98334
-4.98079
-4.9836
-4.99518
-5.01523
-5.04057
-5.06792
-5.09166
-5.11049
-5.12636
-5.13856
-5.14708
-5.15142
-5.15166
-5.14759
-5.14217
-5.13689
-5.1359
-5.13933
-5.14797
-5.15986
-5.17168
-5.18276
-5.18796
-5.1881
-5.18074
-5.16592
-5.14453
-5.12077
-5.09529
-5.07323
-5.05628
-5.04783
-5.0495
-5.05981
-5.07914
-5.10333
-5.12986
-5.15572
-5.17657
-5.19486
-5.20971
-5.22101
-5.22843
-5.2326
-5.2314
-5.22389
-5.2115
-5.19589
-5.18042
-5.16671
-5.15724
-5.15275
-5.15396
-5.15454
-5.15483
-5.15101
-5.14208
-5.12634
-5.10582
-5.07938
-5.05212
-5.02751
-5.00673
-4.99527
-4.9943
-5.00293
-5.01848
-5.03489
-5.05042
-5.05939
-5.06624
-5.06692
-5.06443
-5.05883
-5.05319
-5.04758
-5.04279
-5.04237
-5.04776
-5.05799
-5.07263
-5.0866
-5.09868
-5.10366
-5.10158
-5.09292
-5.08048
-5.06724
-5.05314
-5.04198
-5.03566
-5.03538
-5.04054
-5.04902
-5.05917
-5.06922
-5.07888
-5.08589
-5.09172
-5.09405
-5.09303
-5.08857
-5.08318
-5.07924
-5.08249
-5.09637
-5.11944
-5.14668
-5.17261
-5.19228
-5.20698
-5.21725
-5.22443
-5.23124
-5.23792
-5.24532
-5.25037
-5.25306
-5.25175
-5.2448
-5.23444
-5.22192
-5.20777
-5.19439
-5.18321
-5.17408
-5.16692
-5.15951
-5.15263
-5.14555
-5.1379
-5.13162
-5.12491
-5.11696
-5.10906
-5.10305
-5.10107
-5.10191
-5.10594
-5.11338
-5.12396
-5.13655
-5.15106
-5.16545
-5.18144
-5.19459
-5.20515
-5.21395
-5.21992
-5.22449
-5.22581
-5.22691
-5.22648
-5.22431
-5.2224
-5.22298
-5.22221
-5.22188
-5.21937
-5.21679
-5.21012
-5.19959
-5.18212
-5.15904
-5.1285
-5.09185
-5.05396
-5.01705
-4.98454
-4.95949
-4.94305
-4.93594
-4.93675
-4.94462
-4.95706
-4.97433
-4.99651
-5.02014
-5.04532
-5.06601
-5.07991
-5.08626
-5.08441
-5.07773
-5.06839
-5.06035
-5.05961
-5.06469
-5.07402
-5.08686
-5.09928
-5.10877
-5.1135
-5.11343
-5.10775
-5.09812
-5.08605
-5.07151
-5.05686
-5.04192
-5.02614
-5.01069
-4.99484
-4.9806
-4.9663
-4.95515
-4.94685
-4.94423
-4.94557
-4.95284
-4.96523
-4.98176
-5.00482
-5.03285
-5.06574
-5.10107
-5.13496
-5.16313
-5.18271
-5.19056
-5.18664
-5.17331
-5.1545
-5.13364
-5.11398
-5.09795
-5.08832
-5.0878
-5.09585
-5.11132
-5.13006
-5.14873
-5.16254
-5.16954
-5.17068
-5.16425
-5.15303
-5.13449
-5.11239
-5.09128
-5.07315
-5.06397
-5.06515
-5.07498
-5.09407
-5.11688
-5.14096
-5.16222
-5.18053
-5.19281
-5.20201
-5.20997
-5.21821
-5.22681
-5.23651
-5.23976
-5.23723
-5.22677
-5.21143
-5.19255
-5.17238
-5.15182
-5.13163
-5.11374
-5.09976
-5.08976
-5.08389
-5.0834
-5.08551
-5.08917
-5.09256
-5.09059
-5.08569
-5.07402
-5.05884
-5.0364
-5.01288
-4.98927
-4.97131
-4.9603
-4.95608
-4.95632
-4.95919
-4.96441
-4.96876
-4.9765
-4.99155
-5.01462
-5.04448
-5.07503
-5.10327
-5.12494
-5.13704
-5.14199
-5.14147
-5.13832
-5.1341
-5.13055
-5.12651
-5.12365
-5.12074
-5.11838
-5.11205
-5.10237
-5.08953
-5.07501
-5.05646
-5.03421
-5.01315
-4.99743
-4.99057
-4.99826
-5.02034
-5.05206
-5.08606
-5.11701
-5.14006
-5.15247
-5.15644
-5.15164
-5.13986
-5.12208
-5.1016
-5.07991
-5.06066
-5.04405
-5.03388
-5.02959
-5.02989
-5.03384
-5.04042
-5.04778
-5.05548
-5.06186
-5.06708
-5.07235
-5.07809
-5.08462
-5.09126
-5.09599
-5.10145
-5.10799
-5.11327
-5.12184
-5.12965
-5.13861
-5.14576
-5.15131
-5.15453
-5.15829
-5.1636
-5.17012
-5.17735
-5.1848
-5.1908
-5.19372
-5.19677
-5.1994
-5.20288
-5.20862
-5.21709
-5.22895
-5.23991
-5.25093
-5.26189
-5.26935
-5.27372
-5.27283
-5.26621
-5.25334
-5.23324
-5.20743
-5.18116
-5.15769
-5.14116
-5.13537
-5.14091
-5.15501
-5.17319
-5.19264
-5.20701
-5.21752
-5.22019
-5.21738
-5.20999
-5.20099
-5.19165
-5.18299
-5.17487
-5.16817
-5.15995
-5.14966
-5.13582
-5.11773
-5.09499
-5.07107
-5.0477
-5.02653
-5.01198
-5.00643
-5.01082
-5.02478
-5.04639
-5.07464
-5.10634
-5.13737
-5.16583
-5.18766
-5.20132
-5.20813
-5.20781
-5.20687
-5.20539
-5.20652
-5.21309
-5.22343
-5.23865
-5.25476
-5.26626
-5.27396
-5.27201
-5.26024
-5.24129
-5.21758
-5.19185
-5.16915
-5.14949
-5.13296
-5.11838
-5.10481
-5.0912
-5.0771
-5.06608
-5.05694
-5.05292
-5.0548
-5.06015
-5.06729
-5.07512
-5.08128
-5.08555
-5.0861
-5.08557
-5.08247
-5.07677
-5.06986
-5.061
-5.05254
-5.04298
-5.03463
-5.03167
-5.03389
-5.04428
-5.05934
-5.07969
-5.10271
-5.12611
-5.14624
-5.16392
-5.17644
-5.18323
-5.18546
-5.18239
-5.17743
-5.17205
-5.16579
-5.15901
-5.15058
-5.13995
-5.12481
-5.10728
-5.08948
-5.07565
-5.07197
-5.07784
-5.09523
-5.1209
-5.15096
-5.18131
-5.20922
-5.23264
-5.24733
-5.25282
-5.25134
-5.23933
-5.22067
-5.19458
-5.16374
-5.13238
-5.10071
-5.07473
-5.05903
-5.05755
-5.07241
-5.09912
-5.13238
-5.16545
-5.19662
-5.22
-5.23502
-5.24029
-5.23461
-5.21717
-5.18997
-5.15888
-5.12861
-5.10337
-5.08436
-5.07278
-5.06933
-5.07214
-5.08026
-5.09158
-5.1011
-5.1071
-5.11041
-5.10727
-5.1009
-5.09413
-5.08987
-5.09033
-5.09339
-5.09783
-5.10218
-5.10294
-5.09911
-5.0914
-5.08099
-5.06887
-5.05562
-5.04099
-5.02304
-5.00221
-4.97654
-4.94835
-4.91764
-4.88723
-4.85927
-4.83673
-4.82342
-4.82193
-4.83255
-4.85663
-4.89131
-4.93442
-4.98191
-5.02963
-5.07106
-5.10401
-5.12471
-5.1327
-5.12756
-5.11126
-5.08893
-5.06327
-5.03925
-5.02061
-5.0093
-5.00545
-5.00818
-5.01737
-5.03064
-5.04846
-5.0651
-5.07633
-5.0801
-5.07175
-5.05339
-5.02837
-5.00354
-4.98514
-4.97716
-4.97454
-4.97328
-4.97268
-4.97184
-4.97091
-4.97162
-4.97578
-4.98516
-4.99928
-5.01588
-5.0317
-5.04687
-5.05841
-5.06588
-5.0708
-5.07328
-5.06971
-5.06188
-5.05125
-5.04003
-5.03188
-5.02853
-5.0313
-5.04071
-5.0542
-5.07174
-5.08989
-5.10799
-5.12464
-5.14075
-5.15357
-5.16379
-5.173
-5.18103
-5.18649
-5.18931
-5.18829
-5.18117
-5.17033
-5.15826
-5.14943
-5.14477
-5.14191
-5.1405
-5.13878
-5.13371
-5.12644
-5.11706
-5.10599
-5.09274
-5.0776
-5.06179
-5.04384
-5.02792
-5.01777
-5.01575
-5.02265
-5.03666
-5.05264
-5.07087
-5.08572
-5.0959
-5.10078
-5.10013
-5.09476
-5.08597
-5.07666
-5.07077
-5.06873
-5.07233
-5.08343
-5.10033
-5.12104
-5.14437
-5.16931
-5.19575
-5.21818
-5.23879
-5.25513
-5.26827
-5.27901
-5.28626
-5.28916
-5.28518
-5.27468
-5.25715
-5.23412
-5.20804
-5.18157
-5.15903
-5.13961
-5.12622
-5.11769
-5.11385
-5.11595
-5.1235
-5.1356
-5.15329
-5.1726
-5.19258
-5.21082
-5.22388
-5.2311
-5.23182
-5.22757
-5.21887
-5.20678
-5.19388
-5.17854
-5.1637
-5.14889
-5.13466
-5.12523
-5.12338
-5.12972
-5.14407
-5.16174
-5.17566
-5.18486
-5.18417
-5.17669
-5.1638
-5.14698
-5.12813
-5.10793
-5.09011
-5.07759
-5.06728
-5.06212
-5.06025
-5.05947
-5.05849
-5.05571
-5.05361
-5.05191
-5.0525
-5.05674
-5.06427
-5.07099
-5.0761
-5.07857
-5.07742
-5.07407
-5.07011
-5.06699
-5.06702
-5.07013
-5.07895
-5.09271
-5.11181
-5.13389
-5.15694
-5.17916
-5.19606
-5.20395
-5.20157
-5.189
-5.16652
-5.13725
-5.10421
-5.06965
-5.03779
-5.0129
-4.9959
-4.98565
-4.98409
-4.98732
-4.99639
-5.01039
-5.03025
-5.05426
-5.08084
-5.1106
-5.14222
-5.17094
-5.19468
-5.21408
-5.22625
-5.2326
-5.23234
-5.22306
-5.20786
-5.18401
-5.15648
-5.12973
-5.11053
-5.10084
-5.10111
-5.10666
-5.11518
-5.12194
-5.12217
-5.11433
-5.09926
-5.07732
-5.05053
-5.02184
-4.99446
-4.97106
-4.95337
-4.94486
-4.94807
-4.95991
-4.97927
-5.00383
-5.03037
-5.05589
-5.07983
-5.09804
-5.11119
-5.11966
-5.12179
-5.11984
-5.11385
-5.10369
-5.09154
-5.07428
-5.05452
-5.03475
-5.01715
-5.00539
-5.00059
-5.0043
-5.0135
-5.02943
-5.04657
-5.06304
-5.0776
-5.08875
-5.09538
-5.09941
-5.09979
-5.09812
-5.09477
-5.09054
-5.08515
-5.07832
-5.07374
-5.07027
-5.06946
-5.07115
-5.0753
-5.08236
-5.09347
-5.10898
-5.12652
-5.14562
-5.16576
-5.18125
-5.1945
-5.20353
-5.209
-5.21182
-5.21244
-5.21053
-5.20422
-5.19613
-5.18492
-5.172
-5.15829
-5.14434
-5.1321
-5.12111
-5.10977
-5.09876
-5.08835
-5.07818
-5.069
-5.06137
-5.05724
-5.0576
-5.06172
-5.06819
-5.07769
-5.0874
-5.09592
-5.10307
-5.10859
-5.11305
-5.1189
-5.12474
-5.13018
-5.13659
-5.14054
-5.14231
-5.13945
-5.13427
-5.12671
-5.1179
-5.11133
-5.10923
-5.11275
-5.11935
-5.12692
-5.13182
-5.13316
-5.1295
-5.12371
-5.1178
-5.11449
-5.11611
-5.12288
-5.13089
-5.13609
-5.13942
-5.13767
-5.13219
-5.12317
-5.10885
-5.0899
-5.06708
-5.0414
-5.01742
-4.99976
-4.99214
-4.99277
-5.00059
-5.01556
-5.03553
-5.05855
-5.08167
-5.10392
-5.12516
-5.14409
-5.16095
-5.17423
-5.1847
-5.19268
-5.19655
-5.19716
-5.19294
-5.18501
-5.17292
-5.1569
-5.13985
-5.12411
-5.11243
-5.10589
-5.10765
-5.11476
-5.12689
-5.14373
-5.16327
-5.1818
-5.19613
-5.20735
-5.21233
-5.21248
-5.20679
-5.19879
-5.18991
-5.18172
-5.17379
-5.16946
-5.16586
-5.16335
-5.16058
-5.15485
-5.14808
-5.13971
-5.12994
-5.11782
-5.10494
-5.08898
-5.06899
-5.04931
-5.03296
-5.02543
-5.0293
-5.04688
-5.07719
-5.11694
-5.15888
-5.19911
-5.23239
-5.25676
-5.26881
-5.26979
-5.26136
-5.24475
-5.22031
-5.18982
-5.15561
-5.12133
-5.08775
-5.05747
-5.03088
-5.00997
-4.99432
-4.98362
-4.97982
-4.98103
-4.98523
-4.99538
-5.01108
-5.03393
-5.0653
-5.10276
-5.14397
-5.18544
-5.22365
-5.25514
-5.27563
-5.28823
-5.29095
-5.28294
-5.26742
-5.24636
-5.21941
-5.1921
-5.16293
-5.13485
-5.10983
-5.09205
-5.08172
-5.07872
-5.08138
-5.08469
-5.08654
-5.08564
-5.0822
-5.07795
-5.07569
-5.07474
-5.07741
-5.08575
-5.09696
-5.10789
-5.11895
-5.12873
-5.13285
-5.12982
-5.12058
-5.10598
-5.089
-5.0738
-5.06246
-5.05751
-5.0554
-5.05675
-5.06076
-5.0661
-5.07249
-5.07423
-5.07196
-5.06391
-5.05186
-5.0385
-5.02781
-5.02106
-5.01631
-5.01489
-5.0157
-5.01587
-5.0157
-5.01375
-5.01266
-5.0093
-5.00696
-5.00377
-5.00085
-4.99725
-4.99159
-4.98571
-4.97878
-4.97013
-4.95936
-4.94869
-4.93685
-4.9287
-4.92583
-4.93005
-4.94253
-4.96324
-4.99002
-5.01836
-5.04885
-5.07966
-5.10488
-5.12655
-5.14304
-5.15586
-5.16595
-5.17212
-5.17543
-5.17466
-5.16958
-5.16341
-5.15614
-5.14869
-5.14234
-5.1369
-5.13152
-5.12656
-5.12065
-5.11843
-5.11786
-5.12086
-5.12573
-5.1329
-5.1425
-5.15108
-5.15834
-5.16487
-5.16959
-5.17048
-5.16811
-5.16341
-5.15871
-5.15525
-5.15313
-5.15044
-5.15057
-5.15176
-5.15247
-5.15159
-5.14848
-5.1419
-5.13058
-5.11715
-5.10085
-5.08431
-5.06691
-5.05234
-5.04172
-5.03563
-5.03395
-5.03711
-5.04397
-5.0556
-5.07082
-5.08969
-5.11174
-5.13485
-5.15671
-5.17616
-5.18898
-5.1957
-5.19719
-5.19434
-5.1891
-5.18226
-5.17778
-5.17616
-5.1779
-5.18256
-5.18831
-5.19522
-5.20072
-5.20616
-5.21073
-5.2171
-5.22535
-5.23411
-5.24337
-5.2483
-5.24921
-5.24387
-5.2324
-5.21559
-5.19228
-5.16715
-5.14189
-5.1221
-5.10866
-5.10528
-5.1075
-5.1159
-5.1246
-5.12906
-5.13016
-5.12821
-5.12688
-5.12993
-5.13769
-5.14743
-5.15864
-5.16622
-5.16906
-5.16716
-5.15907
-5.14429
-5.12582
-5.10377
-5.08419
-5.06758
-5.05855
-5.05842
-5.06248
-5.07047
-5.07779
-5.08136
-5.08261
-5.07766
-5.07032
-5.06125
-5.05463
-5.05074
-5.0529
-5.05723
-5.06732
-5.07763
-5.08752
-5.09598
-5.10383
-5.11265
-5.12195
-5.13213
-5.14515
-5.15946
-5.17409
-5.18829
-5.19923
-5.20553
-5.2061
-5.20063
-5.18906
-5.17262
-5.15427
-5.13685
-5.12007
-5.10462
-5.09399
-5.09021
-5.09367
-5.10412
-5.11709
-5.12988
-5.14227
-5.14984
-5.15519
-5.15873
-5.16461
-5.17748
-5.1952
-5.2177
-5.24241
-5.26488
-5.27999
-5.28782
-5.28528
-5.27171
-5.24997
-5.22171
-5.19397
-5.16835
-5.14956
-5.13937
-5.13733
-5.14321
-5.15586
-5.17261
-5.18961
-5.2063
-5.22167
-5.2302
-5.23275
-5.23006
-5.22398
-5.21797
-5.21348
-5.2095
-5.20396
-5.19352
-5.17676
-5.15272
-5.12528
-5.09645
-5.06777
-5.04303
-5.02291
-5.00989
-5.00204
-5.00195
-5.009
-5.02581
-5.05007
-5.08072
-5.11305
-5.14487
-5.17179
-5.19261
-5.20566
-5.20935
-5.20245
-5.18574
-5.16095
-5.1324
-5.10369
-5.08067
-5.06506
-5.05735
-5.05454
-5.05499
-5.05683
-5.05849
-5.05917
-5.05592
-5.04874
-5.03838
-5.027
-5.01724
-5.01002
-5.00554
-5.00633
-5.01239
-5.02366
-5.03639
-5.05024
-5.06293
-5.07344
-5.08121
-5.08795
-5.09466
-5.10507
-5.11787
-5.13588
-5.15654
-5.17923
-5.20211
-5.22248
-5.23866
-5.2475
-5.25026
-5.24471
-5.23466
-5.21961
-5.20459
-5.1933
-5.18732
-5.18682
-5.19263
-5.19949
-5.2049
-5.20472
-5.19428
-5.17334
-5.14227
-5.10351
-5.06021
-5.01954
-4.98778
-4.96693
-4.96002
-4.96553
-4.9844
-5.01051
-5.04011
-5.07005
-5.09663
-5.11606
-5.12787
-5.13209
-5.12978
-5.12371
-5.11716
-5.11099
-5.10432
-5.09808
-5.09079
-5.08274
-5.0719
-5.06117
-5.04986
-5.04114
-5.03623
-5.03813
-5.04282
-5.05225
-5.0603
-5.06671
-5.07192
-5.07475
-5.07726
-5.08049
-5.08306
-5.08569
-5.0873
-5.08757
-5.08638
-5.08761
-5.09351
-5.10492
-5.12008
-5.13633
-5.14885
-5.15668
-5.15807
-5.15502
-5.14679
-5.138
-5.13091
-5.12854
-5.13364
-5.14421
-5.16011
-5.17792
-5.19399
-5.20731
-5.21725
-5.22259
-5.2237
-5.22321
-5.22014
-5.21355
-5.20712
-5.19745
-5.18908
-5.18162
-5.17496
-5.16801
-5.15938
-5.14855
-5.13597
-5.12535
-5.12058
-5.1215
-5.12932
-5.13789
-5.14717
-5.15262
-5.15456
-5.15344
-5.14991
-5.14535
-5.13882
-5.13422
-5.13277
-5.13777
-5.15012
-5.16836
-5.18943
-5.2083
-5.22407
-5.23138
-5.23416
-5.23024
-5.22292
-5.21393
-5.20633
-5.20164
-5.1972
-5.19245
-5.1857
-5.17405
-5.15545
-5.12943
-5.09976
-5.06948
-5.04371
-5.02766
-5.02293
-5.02699
-5.03783
-5.05032
-5.06331
-5.07475
-5.08299
-5.09076
-5.09936
-5.1072
-5.11522
-5.12413
-5.13288
-5.14203
-5.15354
-5.16666
-5.18055
-5.19516
-5.20765
-5.21335
-5.2114
-5.20115
-5.18377
-5.1642
-5.1473
-5.13515
-5.12613
-5.11908
-5.11467
-5.11118
-5.11112
-5.11493
-5.12404
-5.13751
-5.15725
-5.17947
-5.20319
-5.22599
-5.24411
-5.2572
-5.26359
-5.26441
-5.2578
-5.24706
-5.23196
-5.21356
-5.19175
-5.16662
-5.14084
-5.11363
-5.08794
-5.06515
-5.04755
-5.03432
-5.02717
-5.02422
-5.02523
-5.03225
-5.04278
-5.05659
-5.07224
-5.09107
-5.11072
-5.1293
-5.14688
-5.16141
-5.17123
-5.17935
-5.18307
-5.18237
-5.176
-5.1677
-5.15696
-5.14708
-5.13975
-5.13519
-5.13191
-5.13218
-5.13313
-5.13324
-5.13348
-5.13384
-5.13432
-5.13691
-5.1405
-5.1435
-5.14591
-5.14726
-5.14689
-5.14537
-5.14242
-5.13821
-5.13126
-5.12157
-5.111
-5.10357
-5.10333
-5.11097
-5.12339
-5.13758
-5.15168
-5.15978
-5.16276
-5.16103
-5.15782
-5.1541
-5.15006
-5.14846
-5.15142
-5.15345
-5.15445
-5.15028
-5.14313
-5.13338
-5.12115
-5.1092
-5.09947
-5.08933
-5.0774
-5.063
-5.04697
-5.03228
-5.02332
-5.02541
-5.03419
-5.04637
-5.05919
-5.06905
-5.07438
-5.07768
-5.07871
-5.07965
-5.08051
-5.08184
-5.08325
-5.08362
-5.08408
-5.08429
-5.08566
-5.08999
-5.09913
-5.10949
-5.11978
-5.12897
-5.13192
-5.12523
-5.10835
-5.08203
-5.05128
-5.01891
-4.98964
-4.96968
-4.96123
-4.96755
-4.98483
-5.01058
-5.03769
-5.0631
-5.08464
-5.10172
-5.1161
-5.12785
-5.13796
-5.14459
-5.14634
-5.14442
-5.13904
-5.13285
-5.1269
-5.12217
-5.11769
-5.11308
-5.10553
-5.09598
-5.08277
-5.068
-5.05678
-5.05134
-5.05506
-5.06382
-5.07661
-5.08775
-5.09533
-5.09408
-5.08625
-5.07569
-5.06529
-5.05913
-5.06121
-5.07263
-5.09332
-5.11954
-5.14684
-5.17178
-5.19054
-5.20217
-5.20842
-5.20832
-5.20523
-5.19733
-5.18712
-5.17392
-5.15907
-5.14496
-5.13439
-5.12401
-5.11543
-5.10424
-5.09243
-5.08107
-5.07104
-5.06264
-5.05727
-5.05683
-5.06237
-5.07357
-5.08668
-5.09894
-5.10315
-5.09999
-5.08943
-5.07266
-5.05115
-5.02935
-5.00841
-4.98904
-4.97019
-4.95103
-4.93041
-4.90936
-4.8933
-4.88561
-4.89165
-4.91335
-4.94824
-4.98878
-5.03249
-5.07291
-5.10604
-5.13135
-5.14857
-5.15812
-5.1614
-5.16069
-5.15592
-5.14679
-5.1324
-5.1138
-5.09297
-5.06925
-5.04439
-5.02055
-4.99788
-4.97679
-4.95883
-4.94465
-4.9339
-4.92895
-4.93635
-4.95474
-4.98177
-5.01363
-5.04452
-5.07112
-5.09114
-5.10335
-5.10491
-5.10006
-5.09006
-5.07535
-5.05832
-5.04029
-5.02196
-5.00666
-5.00166
-5.00472
-5.01538
-5.03022
-5.04426
-5.05558
-5.05926
-5.05733
-5.04865
-5.03533
-5.01892
-5.00215
-4.98702
-4.97626
-4.97021
-4.96673
-4.96266
-4.95639
-4.94665
-4.93539
-4.92465
-4.91885
-4.92152
-4.93274
-4.95449
-4.9816
-5.01133
-5.04236
-5.07086
-5.09584
-5.11623
-5.13278
-5.14317
-5.15092
-5.15639
-5.16007
-5.16165
-5.16007
-5.15633
-5.14998
-5.1425
-5.13484
-5.12711
-5.12283
-5.12119
-5.12246
-5.12444
-5.12739
-5.12981
-5.12953
-5.12638
-5.12073
-5.11339
-5.10639
-5.10168
-5.10018
-5.09967
-5.09841
-5.09704
-5.09364
-5.08825
-5.07906
-5.06723
-5.05427
-5.04086
-5.03107
-5.02792
-5.0326
-5.04768
-5.07159
-5.10044
-5.13188
-5.1615
-5.18624
-5.20464
-5.21352
-5.21438
-5.20651
-5.19217
-5.17489
-5.15552
-5.14091
-5.13373
-5.13308
-5.13502
-5.13566
-5.13108
-5.11854
-5.09941
-5.07351
-5.04608
-5.01575
-4.98768
-4.96359
-4.94661
-4.93604
-4.93272
-4.93684
-4.947
-4.96073
-4.9756
-4.98969
-5.00078
-5.00766
-5.00944
-5.00689
-5.00128
-4.99494
-4.9892
-4.98481
-4.98212
-4.98132
-4.98172
-4.98591
-4.99212
-4.99934
-5.00858
-5.01802
-5.02806
-5.03705
-5.04592
-5.05496
-5.06593
-5.07706
-5.0888
-5.10029
-5.11072
-5.11878
-5.12527
-5.12899
-5.13032
-5.12993
-5.12676
-5.11977
-5.11096
-5.09832
-5.08497
-5.07168
-5.0589
-5.04816
-5.0397
-5.0362
-5.03805
-5.04265
-5.04822
-5.05187
-5.05348
-5.05181
-5.04587
-5.03892
-5.02958
-5.02191
-5.01784
-5.01902
-5.02453
-5.03376
-5.04701
-5.05975
-5.07399
-5.08591
-5.09706
-5.10557
-5.11098
-5.11307
-5.11594
-5.12007
-5.12529
-5.13442
-5.14519
-5.15566
-5.16416
-5.1704
-5.17589
-5.18076
-5.18568
-5.18777
-5.18725
-5.18625
-5.18608
-5.18818
-5.1945
-5.20199
-5.2059
-5.20316
-5.19369
-5.17311
-5.14553
-5.11247
-5.07683
-5.04186
-5.01292
-4.98889
-4.97364
-4.9655
-4.96248
-4.96408
-4.96716
-4.97073
-4.97507
-4.98159
-4.99007
-5.00095
-5.01168
-5.01762
-5.02091
-5.02342
-5.02755
-5.03578
-5.0504
-5.07022
-5.08823
-5.10269
-5.11048
-5.10987
-5.10411
-5.09508
-5.08754
-5.0821
-5.07867
-5.0791
-5.08025
-5.08247
-5.08416
-5.08534
-5.08305
-5.07822
-5.06898
-5.05974
-5.04988
-5.0421
-5.03688
-5.03656
-5.03959
-5.04583
-5.05404
-5.06394
-5.07244
-5.07976
-5.0854
-5.09038
-5.09172
-5.08981
-5.08075
-5.06479
-5.0438
-5.01699
-4.98656
-4.95405
-4.92371
-4.89975
-4.88496
-4.8817
-4.88939
-4.90551
-4.92645
-4.94916
-4.97229
-4.99358
-5.00984
-5.01907
-5.01952
-5.01049
-4.99232
-4.96728
-4.94013
-4.91337
-4.89235
-4.87767
-4.8704
-4.87119
-4.87805
-4.8901
-4.90716
-4.92453
-4.93804
-4.94741
-4.95186
-4.95246
-4.95381
-4.96305
-4.98494
-5.01682
-5.05549
-5.09365
-5.12696
-5.1524
-5.16863
-5.17602
-5.17421
-5.16529
-5.15056
-5.1302
-5.10728
-5.0818
-5.05551
-5.03011
-5.00914
-4.99601
-4.99378
-5.0013
-5.01882
-5.04351
-5.07465
-5.10833
-5.14076
-5.1693
-5.19243
-5.20821
-5.21556
-5.21504
-5.20637
-5.18968
-5.16548
-5.1368
-5.10834
-5.08252
-5.06329
-5.04956
-5.04014
-5.03477
-5.03409
-5.03983
-5.05126
-5.06457
-5.07757
-5.08671
-5.09202
-5.09245
-5.09236
-5.09278
-5.09518
-5.10011
-5.10322
-5.10126
-5.09532
-5.0842
-5.07018
-5.05434
-5.04097
-5.03297
-5.0335
-5.04172
-5.05815
-5.07743
-5.09578
-5.10946
-5.11458
-5.11059
-5.09943
-5.08187
-5.06249
-5.04148
-5.02294
-5.00527
-4.99211
-4.98304
-4.98061
-4.98425
-4.99466
-5.00555
-5.01634
-5.02224
-5.01959
-5.0089
-4.99178
-4.97064
-4.9505
-4.93299
-4.92086
-4.91622
-4.91693
-4.91952
-4.92547
-4.93019
-4.93495
-4.93992
-4.94492
-4.9496
-4.95276
-4.95507
-4.95778
-4.95924
-4.95978
-4.96328
-4.96733
-4.97195
-4.97635
-4.97803
-4.97558
-4.96902
-4.95573
-4.9409
-4.92302
-4.90556
-4.89072
-4.88274
-4.88131
-4.88605
-4.89661
-4.91203
-4.93141
-4.95486
-4.98105
-5.00626
-5.0294
-5.05349
-5.07645
-5.10077
-5.12697
-5.15419
-5.178
-5.19908
-5.21548
-5.2258
-5.22931
-5.22419
-5.20885
-5.18111
-5.14649
-5.10698
-5.07026
-5.04273
-5.02999
-5.03082
-5.04428
-5.06529
-5.09272
-5.12163
-5.14929
-5.17126
-5.18539
-5.18737
-5.17901
-5.16198
-5.13694
-5.10802
-5.07841
-5.05058
-5.02709
-5.0116
-5.00563
-5.0093
-5.02358
-5.04732
-5.0755
-5.10538
-5.13094
-5.14889
-5.15775
-5.15701
-5.14849
-5.13096
-5.10853
-5.08503
-5.06528
-5.05043
-5.04606
-5.05321
-5.06709
-5.08239
-5.09296
-5.09373
-5.08383
-5.0659
-5.03949
-5.00815
-4.97404
-4.94336
-4.92082
-4.90996
-4.91245
-4.92797
-4.95367
-4.98423
-5.01006
-5.02822
-5.03482
-5.03113
-5.02015
-5.0028
-4.98584
-4.9684
-4.95334
-4.94339
-4.94119
-4.94881
-4.96599
-4.98775
-5.01026
-5.03
-5.04404
-5.05072
-5.0492
-5.04202
-5.0335
-5.02494
-5.01999
-5.01777
-5.01887
-5.02031
-5.02077
-5.02027
-5.01766
-5.0134
-5.01143
-5.01152
-5.01495
-5.01881
-5.02185
-5.02333
-5.02267
-5.02108
-5.02254
-5.03011
-5.04698
-5.06969
-5.09505
-5.11713
-5.13169
-5.13559
-5.13016
-5.11351
-5.08844
-5.05883
-5.02709
-4.99861
-4.97585
-4.96381
-4.96365
-4.97448
-4.99285
-5.01566
-5.03594
-5.05198
-5.06142
-5.06703
-5.06939
-5.06895
-5.06689
-5.06576
-5.06297
-5.05831
-5.05246
-5.04665
-5.04323
-5.04254
-5.04795
-5.05967
-5.07963
-5.1037
-5.12719
-5.1492
-5.16262
-5.16743
-5.16381
-5.15609
-5.14699
-5.1393
-5.13498
-5.13403
-5.13598
-5.13825
-5.14248
-5.14783
-5.1593
-5.17441
-5.19462
-5.21519
-5.23434
-5.24794
-5.25664
-5.26021
-5.26036
-5.25606
-5.24823
-5.23826
-5.22692
-5.21552
-5.20475
-5.1936
-5.18141
-5.1671
-5.1499
-5.13004
-5.10704
-5.08454
-5.06313
-5.04315
-5.02514
-5.00729
-4.99002
-4.97617
-4.96851
-4.9704
-4.98421
-5.00911
-5.04131
-5.07373
-5.10476
-5.13037
-5.14822
-5.16015
-5.16614
-5.16631
-5.16068
-5.14741
-5.12749
-5.10123
-5.07282
-5.05064
-5.03987
-5.04435
-5.06482
-5.09571
-5.13156
-5.16875
-5.19909
-5.22206
-5.2356
-5.24142
-5.23891
-5.22763
-5.20899
-5.18225
-5.14811
-5.10871
-5.06667
-5.0263
-4.99165
-4.96481
-4.94693
-4.93679
-4.93259
-4.93505
-4.94544
-4.96361
-4.99094
-5.02242
-5.05864
-5.09176
-5.12111
-5.14429
-5.15759
-5.16276
-5.16198
-5.1548
-5.14549
-5.1338
-5.12041
-5.10746
-5.09414
-5.08031
-5.06599
-5.04999
-5.03474
-5.01835
-5.00359
-4.98849
-4.97587
-4.96772
-4.96487
-4.97092
-4.98248
-4.99688
-5.01222
-5.02407
-5.03362
-5.03449
-5.02673
-5.01155
-4.99563
-4.97898
-4.96722
-4.96022
-4.95707
-4.95691
-4.9584
-4.96101
-4.96404
-4.9658
-4.96742
-4.96705
-4.96543
-4.96191
-4.95955
-4.95944
-4.96133
-4.96613
-4.97339
-4.98029
-4.985
-4.98571
-4.98249
-4.979
-4.97509
-4.9732
-4.97249
-4.97364
-4.97585
-4.97755
-4.98046
-4.98072
-4.97916
-4.97737
-4.97178
-4.96408
-4.95639
-4.95099
-4.94756
-4.94898
-4.95358
-4.95924
-4.96753
-4.97416
-4.97955
-4.9837
-4.987
-4.98941
-4.99242
-4.99553
-5.00125
-5.00839
-5.01597
-5.02476
-5.03284
-5.04121
-5.05004
-5.06002
-5.07132
-5.08388
-5.09671
-5.10816
-5.11523
-5.11848
-5.11414
-5.10553
-5.09344
-5.08102
-5.07072
-5.06553
-5.0638
-5.06555
-5.07151
-5.07804
-5.08461
-5.08954
-5.09259
-5.09457
-5.0968
-5.10012
-5.10667
-5.11384
-5.12063
-5.1243
-5.12387
-5.1204
-5.11197
-5.10125
-5.08944
-5.07963
-5.07131
-5.06481
-5.06179
-5.05728
-5.05358
-5.05122
-5.04841
-5.04497
-5.04072
-5.03875
-5.0379
-5.0376
-5.03813
-5.04079
-5.04286
-5.04638
-5.05048
-5.05744
-5.06667
-5.07884
-5.09183
-5.10312
-5.11147
-5.1159
-5.11499
-5.10822
-5.09411
-5.07303
-5.04723
-5.01979
-4.99601
-4.98238
-4.98334
-4.9955
-5.01146
-5.02667
-5.03593
-5.03931
-5.0384
-5.0361
-5.0366
-5.04209
-5.05309
-5.0691
-5.08691
-5.10159
-5.11146
-5.11478
-5.11338
-5.10755
-5.10036
-5.09319
-5.08768
-5.08384
-5.08326
-5.08538
-5.08982
-5.09671
-5.10536
-5.11157
-5.116
-5.11929
-5.12097
-5.1205
-5.11885
-5.11624
-5.11592
-5.11993
-5.12782
-5.13722
-5.14383
-5.14442
-5.13774
-5.12311
-5.10339
-5.08371
-5.06605
-5.05691
-5.05541
-5.06147
-5.07044
-5.07813
-5.08184
-5.08273
-5.08308
-5.08636
-5.09291
-5.10458
-5.12061
-5.1399
-5.15699
-5.16944
-5.17339
-5.16814
-5.15321
-5.13317
-5.11078
-5.08856
-5.07148
-5.06583
-5.07257
-5.08863
-5.10899
-5.12762
-5.13998
-5.14619
-5.14494
-5.1389
-5.13056
-5.12086
-5.11403
-5.10958
-5.10966
-5.11391
-5.12518
-5.14109
-5.16192
-5.18295
-5.20438
-5.22117
-5.23169
-5.23599
-5.23444
-5.22844
-5.21919
-5.20533
-5.18875
-5.16837
-5.14421
-5.11922
-5.09445
-5.07434
-5.05742
-5.04413
-5.03258
-5.02384
-5.01764
-5.01753
-5.02154
-5.02891
-5.03549
-5.04207
-5.04573
-5.04906
-5.05144
-5.05393
-5.0562
-5.05818
-5.05838
-5.05828
-5.05633
-5.05344
-5.04974
-5.04808
-5.0467
-5.04805
-5.05117
-5.05549
-5.05966
-5.06259
-5.06418
-5.06205
-5.05703
-5.0527
-5.05091
-5.05213
-5.05539
-5.05785
-5.05785
-5.05718
-5.05671
-5.05776
-5.06027
-5.06341
-5.06787
-5.0713
-5.0706
-5.06779
-5.06178
-5.05278
-5.04207
-5.02987
-5.01734
-5.00295
-4.98964
-4.97697
-4.9637
-4.95277
-4.94571
-4.94473
-4.95035
-4.96565
-4.98825
-5.01633
-5.04916
-5.08245
-5.115
-5.14168
-5.16183
-5.17669
-5.18474
-5.18778
-5.18332
-5.17355
-5.15957
-5.14167
-5.12041
-5.09945
-5.07955
-5.06222
-5.04658
-5.03622
-5.03024
-5.0296
-5.0336
-5.04336
-5.05665
-5.07219
-5.08775
-5.1041
-5.11844
-5.13309
-5.14815
-5.16575
-5.18596
-5.20716
-5.22578
-5.24219
-5.25184
-5.25353
-5.24499
-5.22753
-5.20363
-5.17922
-5.1601
-5.14548
-5.13903
-5.1363
-5.13736
-5.14046
-5.14481
-5.15126
-5.15624
-5.16188
-5.16694
-5.16795
-5.16604
-5.15735
-5.14447
-5.12825
-5.11235
-5.10143
-5.09478
-5.09215
-5.09287
-5.09632
-5.10162
-5.10848
-5.11647
-5.12324
-5.12862
-5.12936
-5.12729
-5.12141
-5.11205
-5.10068
-5.08849
-5.07431
-5.06202
-5.0524
-5.04529
-5.04228
-5.04332
-5.04933
-5.05841
-5.06948
-5.08004
-5.09089
-5.10094
-5.11011
-5.11872
-5.12656
-5.12991
-5.12843
-5.12026
-5.10453
-5.08066
-5.05117
-5.01964
-4.98712
-4.96043
-4.94017
-4.92891
-4.92578
-4.92828
-4.93619
-4.94589
-4.95806
-4.97243
-4.98576
-4.99979
-5.01173
-5.02317
-5.03434
-5.04449
-5.05569
-5.06516
-5.0722
-5.07482
-5.07449
-5.0719
-5.06949
-5.0672
-5.0641
-5.05651
-5.04444
-5.02945
-5.01604
-5.0069
-5.00518
-5.00736
-5.01519
-5.02644
-5.03741
-5.04661
-5.05237
-5.05421
-5.05315
-5.05207
-5.04788
-5.04348
-5.03937
-5.03563
-5.03365
-5.03226
-5.03263
-5.03704
-5.0451
-5.05693
-5.07316
-5.09035
-5.10833
-5.12492
-5.13876
-5.14641
-5.14924
-5.14713
-5.14191
-5.13183
-5.11916
-5.10489
-5.08987
-5.0754
-5.06247
-5.04865
-5.03718
-5.02645
-5.01615
-5.00524
-4.99415
-4.98058
-4.96852
-4.95998
-4.95911
-4.96545
-4.97914
-4.99708
-5.01567
-5.03164
-5.04167
-5.0468
-5.04402
-5.03615
-5.02391
-5.01098
-4.99866
-4.98881
-4.98037
-4.97571
-4.97274
-4.97296
-4.97845
-4.98703
-4.99861
-5.0119
-5.02308
-5.03066
-5.03356
-5.03211
-5.02674
-5.0181
-5.00698
-4.99629
-4.98633
-4.97878
-4.97463
-4.97669
-4.98374
-4.99691
-5.01607
-5.03921
-5.06521
-5.09106
-5.1132
-5.12714
-5.13246
-5.12939
-5.12228
-5.11281
-5.10399
-5.09676
-5.09276
-5.0908
-5.09189
-5.09736
-5.10947
-5.12425
-5.14345
-5.16136
-5.17447
-5.18249
-5.18395
-5.17686
-5.16437
-5.1495
-5.13115
-5.11254
-5.09608
-5.08347
-5.07434
-5.06956
-5.06855
-5.07218
-5.08014
-5.08891
-5.09783
-5.10584
-5.11066
-5.11283
-5.11111
-5.10523
-5.09411
-5.07974
-5.06123
-5.03996
-5.01489
-4.98982
-4.96472
-4.9427
-4.92651
-4.91901
-4.91807
-4.92302
-4.93
-4.9345
-4.93741
-4.93972
-4.94191
-4.94972
-4.96321
-4.97797
-4.99392
-5.00512
-5.01087
-5.01072
-5.00473
-4.99685
-4.9912
-4.9904
-4.99603
-5.00711
-5.02122
-5.03836
-5.05643
-5.0755
-5.09564
-5.11254
-5.12545
-5.13105
-5.12626
-5.1138
-5.09449
-5.07176
-5.04766
-5.02447
-5.00446
-4.99021
-4.98647
-4.9914
-5.00272
-5.01627
-5.03026
-5.04181
-5.05427
-5.06949
-5.08887
-5.11228
-5.13782
-5.16514
-5.18885
-5.20675
-5.22065
-5.22857
-5.23236
-5.23215
-5.22749
-5.21892
-5.20423
-5.18232
-5.15431
-5.11944
-5.08362
-5.05215
-5.0303
-5.02056
-5.01726
-5.02129
-5.02982
-5.0429
-5.05842
-5.07597
-5.09169
-5.10527
-5.11305
-5.11709
-5.11455
-5.10999
-5.10479
-5.1005
-5.09958
-5.1001
-5.10034
-5.10211
-5.10252
-5.09966
-5.09595
-5.0916
-5.08731
-5.08348
-5.08152
-5.08148
-5.084
-5.09045
-5.09935
-5.11293
-5.12863
-5.14617
-5.15952
-5.17002
-5.17597
-5.17583
-5.17134
-5.16577
-5.15845
-5.15036
-5.14516
-5.13862
-5.13488
-5.12966
-5.12162
-5.112
-5.0995
-5.08622
-5.0737
-5.06557
-5.05996
-5.05774
-5.05762
-5.05998
-5.06516
-5.07043
-5.07462
-5.07999
-5.08239
-5.08168
-5.08026
-5.07908
-5.08234
-5.09044
-5.1009
-5.11105
-5.11718
-5.11691
-5.10684
-5.08645
-5.05817
-5.02744
-5.00176
-4.98451
-4.97337
-4.96314
-4.95429
-4.94799
-4.94774
-4.95404
-4.96754
-4.98506
-5.00421
-5.0208
-5.03606
-5.0503
-5.06221
-5.07276
-5.08296
-5.09283
-5.10226
-5.10885
-5.11027
-5.10562
-5.0976
-5.08569
-5.07386
-5.06637
-5.06461
-5.07146
-5.08292
-5.09594
-5.10625
-5.10913
-5.10618
-5.09602
-5.08242
-5.06869
-5.05507
-5.04363
-5.03565
-5.03205
-5.0295
-5.03217
-5.0351
-5.04281
-5.05157
-5.05985
-5.06983
-5.07806
-5.0896
-5.10477
-5.12225
-5.14217
-5.15997
-5.17374
-5.17972
-5.17667
-5.16606
-5.14975
-5.13168
-5.11417
-5.10455
-5.10142
-5.10217
-5.10414
-5.10722
-5.10823
-5.11114
-5.11562
-5.12116
-5.12763
-5.13281
-5.13606
-5.13586
-5.13238
-5.12491
-5.11693
-5.1086
-5.10016
-5.09441
-5.09121
-5.09158
-5.09556
-5.10206
-5.11055
-5.11939
-5.12856
-5.13322
-5.13576
-5.134
-5.12681
-5.11533
-5.1005
-5.08335
-5.06304
-5.04435
-5.02679
-5.01034
-4.99491
-4.97971
-4.96681
-4.95783
-4.95455
-4.95441
-4.95816
-4.96225
-4.96682
-4.97029
-4.97579
-4.98406
-4.99633
-5.00936
-5.01956
-5.02508
-5.02737
-5.0262
-5.02328
-5.0219
-5.02409
-5.02912
-5.03808
-5.04846
-5.06204
-5.07541
-5.08946
-5.10307
-5.11609
-5.12544
-5.13176
-5.1331
-5.13214
-5.1283
-5.12511
-5.1221
-5.12033
-5.11611
-5.11054
-5.10204
-5.09199
-5.07904
-5.06502
-5.04977
-5.03439
-5.01912
-5.00448
-4.99103
-4.97937
-4.97328
-4.97304
-4.98079
-4.99396
-5.00925
-5.02367
-5.03314
-5.03676
-5.0326
-5.02497
-5.01275
-5.00215
-4.99602
-4.99321
-4.99085
-4.98482
-4.97453
-4.96139
-4.94917
-4.94312
-4.94688
-4.96017
-4.98083
-5.0044
-5.02875
-5.05263
-5.07376
-5.08891
-5.09731
-5.09697
-5.08897
-5.07394
-5.05376
-5.02995
-5.00907
-4.99424
-4.98907
-4.99676
-5.01482
-5.03456
-5.04969
-5.05578
-5.05163
-5.04028
-5.02701
-5.01776
-5.01475
-5.01837
-5.02734
-5.04003
-5.05452
-5.07095
-5.08785
-5.1058
-5.12323
-5.13961
-5.15632
-5.17123
-5.18396
-5.19503
-5.20267
-5.20752
-5.20584
-5.19917
-5.18748
-5.17007
-5.14876
-5.12563
-5.10478
-5.09051
-5.08386
-5.0852
-5.09034
-5.09689
-5.10327
-5.10711
-5.10778
-5.10851
-5.10977
-5.112
-5.1145
-5.11668
-5.11817
-5.11937
-5.12046
-5.121
-5.12308
-5.12271
-5.12238
-5.12211
-5.1209
-5.12106
-5.12322
-5.13038
-5.14305
-5.16073
-5.18379
-5.20865
-5.23147
-5.24588
-5.24885
-5.24289
-5.23046
-5.21555
-5.20123
-5.18688
-5.17294
-5.15982
-5.14575
-5.13212
-5.11895
-5.10772
-5.10009
-5.09296
-5.08784
-5.08475
-5.08206
-5.07935
-5.07414
-5.06823
-5.06073
-5.05318
-5.04526
-5.03801
-5.03365
-5.03175
-5.03298
-5.03748
-5.04435
-5.05432
-5.06759
-5.07965
-5.0889
-5.09402
-5.09369
-5.0887
-5.07974
-5.06981
-5.05966
-5.05096
-5.04272
-5.03552
-5.02928
-5.0223
-5.01578
-5.01044
-5.00687
-5.00663
-5.00923
-5.01302
-5.01844
-5.02638
-5.03554
-5.04823
-5.06011
-5.0698
-5.07653
-5.07628
-5.06907
-5.05532
-5.03811
-5.02072
-5.00627
-4.99646
-4.99637
-5.00376
-5.01982
-5.04352
-5.07261
-5.10279
-5.13303
-5.15821
-5.17701
-5.18832
-5.19038
-5.18501
-5.17374
-5.15879
-5.14226
-5.12736
-5.11505
-5.1084
-5.10895
-5.11669
-5.13266
-5.15428
-5.17856
-5.20037
-5.21404
-5.2183
-5.21299
-5.20193
-5.18781
-5.1746
-5.16867
-5.1699
-5.17504
-5.1813
-5.1866
-5.18874
-5.18921
-5.18867
-5.18536
-5.18135
-5.17355
-5.16179
-5.14347
-5.11915
-5.09157
-5.06774
-5.05422
-5.05256
-5.06062
-5.07397
-5.08859
-5.10189
-5.11217
-5.11813
-5.12109
-5.12211
-5.12495
-5.13125
-5.13897
-5.14835
-5.15615
-5.16093
-5.16285
-5.16089
-5.15477
-5.14601
-5.13585
-5.12416
-5.11186
-5.1013
-5.08944
-5.07881
-5.06563
-5.0521
-5.03714
-5.02339
-5.01422
-5.01116
-5.0142
-5.02305
-5.03449
-5.04519
-5.05305
-5.05574
-5.05335
-5.04593
-5.03664
-5.03048
-5.03125
-5.0408
-5.05976
-5.0855
-5.11628
-5.14853
-5.1811
-5.21193
-5.23671
-5.25427
-5.26017
-5.25088
-5.22577
-5.18567
-5.13492
-5.07763
-5.01951
-4.96466
-4.91851
-4.88537
-4.87226
-4.88015
-4.90684
-4.94353
-4.98411
-5.02128
-5.05077
-5.07148
-5.08717
-5.09909
-5.11124
-5.12404
-5.13632
-5.14914
-5.15846
-5.16385
-5.16462
-5.16317
-5.15898
-5.15458
-5.14789
-5.13818
-5.12391
-5.10398
-5.07838
-5.04804
-5.01295
-4.97771
-4.94276
-4.91077
-4.88571
-4.87018
-4.8624
-4.86109
-4.86616
-4.87531
-4.88746
-4.90203
-4.91913
-4.93631
-4.95193
-4.96707
-4.97878
-4.99223
-5.00792
-5.02923
-5.05696
-5.08751
-5.11498
-5.13487
-5.14316
-5.14
-5.12896
-5.11629
-5.10711
-5.10165
-5.10103
-5.1033
-5.10376
-5.10187
-5.09797
-5.09164
-5.08849
-5.08934
-5.09358
-5.09827
-5.10197
-5.10138
-5.09308
-5.07923
-5.05852
-5.03271
-5.00537
-4.97926
-4.95419
-4.93221
-4.91302
-4.89899
-4.89205
-4.89277
-4.90195
-4.91742
-4.93443
-4.94842
-4.95951
-4.96504
-4.96679
-4.96443
-4.96134
-4.95799
-4.95504
-4.95336
-4.95245
-4.95242
-4.95234
-4.952
-4.95318
-4.95524
-4.95703
-4.95949
-4.95985
-4.96098
-4.96397
-4.96984
-4.9778
-4.98708
-4.99583
-5.00217
-5.00452
-5.00665
-5.00722
-5.00735
-5.00633
-5.00516
-5.00148
-4.99444
-4.98492
-4.97437
-4.96386
-4.95354
-4.94421
-4.93629
-4.92718
-4.91792
-4.90862
-4.9053
-4.90681
-4.91657
-4.93245
-4.94929
-4.96527
-4.97785
-4.98291
-4.98146
-4.97561
-4.96361
-4.94775
-4.9305
-4.91416
-4.90305
-4.8954
-4.89137
-4.89435
-4.90089
-4.91349
-4.93349
-4.95946
-4.99009
-5.02117
-5.04871
-5.07184
-5.09038
-5.10441
-5.11599
-5.12385
-5.12732
-5.12918
-5.12987
-5.12978
-5.13092
-5.13398
-5.13765
-5.14061
-5.14048
-5.13638
-5.12763
-5.1148
-5.0977
-5.07717
-5.0545
-5.03185
-5.01553
-5.00877
-5.01566
-5.03533
-5.06271
-5.09184
-5.11904
-5.13884
-5.14953
-5.15079
-5.14358
-5.13045
-5.11331
-5.0923
-5.06979
-5.05089
-5.03811
-5.03624
-5.04417
-5.05958
-5.07835
-5.09402
-5.10768
-5.11616
-5.12057
-5.12392
-5.12664
-5.13291
-5.14103
-5.14925
-5.15316
-5.15152
-5.14369
-5.13015
-5.11369
-5.09658
-5.0788
-5.0639
-5.05179
-5.04286
-5.0385
-5.03711
-5.03781
-5.0423
-5.05134
-5.06492
-5.07931
-5.09514
-5.10863
-5.12178
-5.13464
-5.14963
-5.1638
-5.17627
-5.18522
-5.18753
-5.18681
-5.18536
-5.18321
-5.18476
-5.18803
-5.19292
-5.19909
-5.20343
-5.20339
-5.19915
-5.18931
-5.17223
-5.15083
-5.12668
-5.10203
-5.07718
-5.05709
-5.04146
-5.03093
-5.0227
-5.01613
-5.00836
-5.00044
-4.99249
-4.9876
-4.98877
-4.99848
-5.01579
-5.03765
-5.05988
-5.07893
-5.09499
-5.10966
-5.1223
-5.13243
-5.13864
-5.13788
-5.13199
-5.11964
-5.10267
-5.08339
-5.06385
-5.04963
-5.04353
-5.04769
-5.06103
-5.08178
-5.10324
-5.12202
-5.1341
-5.1392
-5.13579
-5.12579
-5.11419
-5.10554
-5.1018
-5.10346
-5.11044
-5.11898
-5.12727
-5.13261
-5.13573
-5.13652
-5.13476
-5.1335
-5.12992
-5.12331
-5.11427
-5.10083
-5.08274
-5.06386
-5.04102
-5.01791
-4.99728
-4.97939
-4.96849
-4.96412
-4.96694
-4.97545
-4.98952
-5.00756
-5.03023
-5.05625
-5.0826
-5.10435
-5.1198
-5.12559
-5.1211
-5.10746
-5.08627
-5.0612
-5.03546
-5.01243
-4.99475
-4.98233
-4.97341
-4.96558
-4.95857
-4.95285
-4.94944
-4.9534
-4.96506
-4.98318
-5.00748
-5.03639
-5.06617
-5.09406
-5.11995
-5.14253
-5.16288
-5.18143
-5.19678
-5.20748
-5.21214
-5.20986
-5.2014
-5.18657
-5.16813
-5.14975
-5.13668
-5.12838
-5.12833
-5.13465
-5.14579
-5.15725
-5.16706
-5.17193
-5.17125
-5.16371
-5.15105
-5.13338
-5.11159
-5.08768
-5.06099
-5.03277
-5.00652
-4.98368
-4.96878
-4.96543
-4.97582
-4.99634
-5.0232
-5.05026
-5.07561
-5.09327
-5.10453
-5.11328
-5.12156
-5.12996
-5.13832
-5.14408
-5.14489
-5.14262
-5.13668
-5.13031
-5.12195
-5.11639
-5.11327
-5.11454
-5.11994
-5.12906
-5.141
-5.15469
-5.168
-5.17991
-5.18814
-5.19223
-5.1934
-5.19277
-5.19284
-5.19533
-5.19877
-5.20504
-5.20881
-5.21082
-5.20638
-5.19556
-5.17566
-5.15138
-5.12895
-5.11347
-5.10801
-5.11082
-5.1167
-5.1198
-5.11798
-5.11135
-5.10054
-5.08781
-5.07973
-5.07671
-5.08142
-5.09095
-5.10247
-5.11484
-5.12786
-5.14053
-5.15289
-5.16361
-5.16999
-5.17181
-5.16569
-5.1541
-5.13583
-5.11641
-5.09724
-5.08052
-5.0682
-5.06112
-5.05796
-5.05942
-5.06236
-5.06944
-5.07919
-5.09171
-5.10542
-5.12012
-5.1319
-5.13833
-5.13983
-5.13662
-5.12823
-5.12076
-5.11509
-5.1129
-5.11553
-5.12127
-5.12952
-5.1392
-5.14828
-5.15534
-5.1608
-5.16475
-5.16522
-5.16479
-5.16211
-5.15651
-5.14796
-5.13909
-5.12869
-5.11743
-5.10475
-5.09202
-5.07633
-5.06004
-5.04485
-5.02981
-5.01731
-5.00834
-4.99993
-4.9954
-4.99289
-4.99074
-4.99206
-4.99726
-5.00718
-5.02039
-5.03706
-5.05764
-5.0778
-5.09883
-5.11744
-5.13566
-5.15385
-5.1698
-5.18527
-5.20024
-5.21222
-5.22164
-5.23113
-5.23636
-5.23928
-5.23824
-5.23332
-5.22222
-5.20688
-5.18603
-5.16312
-5.13947
-5.11779
-5.09892
-5.08168
-5.06874
-5.06248
-5.06218
-5.06935
-5.08095
-5.09319
-5.10066
-5.09964
-5.09121
-5.07616
-5.06223
-5.05362
-5.05486
-5.06817
-5.09114
-5.11911
-5.14503
-5.16499
-5.17544
-5.17604
-5.16606
-5.14749
-5.1249
-5.10197
-5.08006
-5.06445
-5.05091
-5.03921
-5.0286
-5.01861
-5.00928
-5.00023
-4.9901
-4.97917
-4.96995
-4.96442
-4.96951
-4.98687
-5.0159
-5.05255
-5.0913
-5.12664
-5.15623
-5.17727
-5.18998
-5.19564
-5.19482
-5.19095
-5.18684
-5.18431
-5.18364
-5.18622
-5.19064
-5.19321
-5.19202
-5.18698
-5.17749
-5.16345
-5.14717
-5.12799
-5.10882
-5.09278
-5.08127
