1.09897
1.09584
1.09044
1.0825
1.07166
1.05743
1.03923
1.01639
0.988217
0.954098
0.913674
0.867014
0.814829
0.758678
0.70096
0.644728
0.593248
0.549404
0.515231
0.491649
0.47844
0.474409
0.477711
0.486186
0.49771
0.510456
0.52305
0.534605
0.544712
0.553332
0.560661
0.566959
0.572421
0.577136
0.581054
0.584048
0.586043
0.587091
0.587403
0.587318
0.587236
0.587509
0.58838
0.589995
0.592362
0.595344
0.598667
0.601932
0.604748
0.606796
0.6079
0.608106
0.607635
0.606822
0.606041
0.605588
0.605669
0.606393
0.607777
0.609732
0.61207
0.61448
0.616548
0.617865
0.618097
0.617068
0.614854
0.611798
0.608477
0.605515
0.603337
0.601925
0.600829
0.599398
0.597108
0.593819
0.589776
0.585542
0.581836
0.579393
0.578832
0.580555
0.584648
0.590856
0.598677
0.607482
0.616628
0.625557
0.633811
0.641033
0.646956
0.651349
0.654028
0.654902
0.653948
0.651245
0.646943
0.641225
0.63426
0.626202
0.617184
0.607399
0.597143
0.586832
0.576988
0.568149
0.560756
0.555065
0.551097
0.548714
0.547709
0.547949
0.549421
0.552265
0.556686
0.56285
0.570779
0.580263
0.590897
0.602126
0.613321
0.623829
0.633017
0.640287
0.645133
0.647242
0.646537
0.643145
0.637411
0.629828
0.62097
0.611436
0.601764
0.592402
0.583712
0.575992
0.56952
0.564607
0.561584
0.560845
0.562735
0.567442
0.574833
0.584393
0.595299
0.606583
0.617329
0.626771
0.634355
0.639732
0.642741
0.643368
0.64176
0.638176
0.632968
0.626545
0.619293
0.611537
0.603509
0.595387
0.587362
0.579756
0.573054
0.567884
0.56485
0.564334
0.566316
0.570348
0.575661
0.581374
0.586654
0.59084
0.593454
0.59419
0.592901
0.589573
0.584355
0.577566
0.569713
0.561517
0.553893
0.547849
0.544344
0.544081
0.547316
0.553759
0.562642
0.572888
0.58333
0.59289
0.600719
0.606245
0.609192
0.609546
0.607553
0.603638
0.598368
0.592396
0.586384
0.580947
0.576578
0.573631
0.57228
0.572526
0.574233
0.577138
0.5809
0.58512
0.589353
0.593138
0.596051
0.597725
0.597904
0.596472
0.593481
0.589171
0.583975
0.578489
0.573397
0.569326
0.56667
0.56552
0.565694
0.566827
0.568513
0.570386
0.572176
0.573739
0.575035
0.576083
0.576913
0.577553
0.578009
0.578227
0.578116
0.577576
0.576499
0.574819
0.572565
0.569893
0.567182
0.564973
0.563888
0.564434
0.566873
0.571184
0.577089
0.584163
0.5919
0.599757
0.607211
0.613758
0.618954
0.622446
0.624034
0.623642
0.621348
0.617369
0.612024
0.605687
0.598777
0.591711
0.584893
0.578678
0.573326
0.569005
0.565758
0.563493
0.56204
0.561169
0.560674
0.560417
0.560338
0.56046
0.560869
0.561685
0.562977
0.564741
0.566828
0.569005
0.570952
0.572332
0.57287
0.572432
0.571052
0.568961
0.566554
0.564321
0.562691
0.561909
0.561944
0.562506
0.563172
0.563529
0.563365
0.562723
0.561861
0.561153
0.560943
0.561394
0.562415
0.563704
0.564812
0.565351
0.565132
0.564257
0.563059
0.561915
0.560996
0.56015
0.559016
0.557296
0.55492
0.552099
0.549201
0.546584
0.544485
0.543004
0.542152
0.541963
0.542536
0.54401
0.546456
0.549814
0.553789
0.557943
0.5618
0.564972
0.567187
0.568319
0.568315
0.567161
0.564834
0.561357
0.556867
0.551642
0.546126
0.54085
0.536338
0.532958
0.530858
0.530002
0.530274
0.531576
0.533878
0.537162
0.541353
0.546232
0.551497
0.556828
0.561977
0.566763
0.571056
0.574706
0.577483
0.5791
0.579259
0.57771
0.574296
0.569021
0.562058
0.553756
0.544684
0.535599
0.527386
0.520934
0.516962
0.515868
0.517644
0.521924
0.528156
0.535769
0.544185
0.55281
0.561016
0.56821
0.573905
0.5778
0.579823
0.580078
0.578798
0.576313
0.572983
0.569195
0.565357
0.561856
0.559022
0.557102
0.556204
0.556356
0.557567
0.55985
0.563208
0.567544
0.57258
0.577864
0.582863
0.587087
0.590174
0.591949
0.59243
0.591798
0.590352
0.588436
0.58633
0.584191
0.582023
0.579721
0.577175
0.574345
0.571295
0.568154
0.56507
0.562205
0.559741
0.557867
0.556753
0.556478
0.557001
0.558135
0.559638
0.56128
0.562907
0.564442
0.565858
0.567128
0.568218
0.569096
0.569747
0.5702
0.570564
0.571007
0.571723
0.572889
0.57463
0.576974
0.57978
0.582819
0.585774
0.588293
0.59006
0.59078
0.590213
0.588232
0.584829
0.58018
0.574629
0.56869
0.562986
0.558176
0.554817
0.55329
0.553721
0.556001
0.559867
0.564943
0.570857
0.577255
0.583842
0.590349
0.596523
0.602127
0.606943
0.610789
0.613537
0.615115
0.615551
0.614929
0.613393
0.611099
0.608185
0.604737
0.600813
0.596461
0.591756
0.586849
0.581965
0.577378
0.573393
0.570254
0.5681
0.566923
0.566558
0.566751
0.567238
0.567782
0.568255
0.568625
0.568962
0.569375
0.570025
0.571074
0.572656
0.574863
0.577703
0.581067
0.584747
0.588466
0.591923
0.594854
0.597039
0.598348
0.598728
0.598158
0.596663
0.594275
0.591014
0.586882
0.581884
0.576034
0.569372
0.561987
0.55405
0.545851
0.53783
0.530506
0.524425
0.52
0.517385
0.516424
0.516713
0.517802
0.519366
0.5213
0.523658
0.526561
0.530137
0.534494
0.539732
0.545958
0.5532
0.561345
0.570132
0.579172
0.588033
0.596321
0.603739
0.610084
0.61519
0.618851
0.620808
0.620824
0.618816
0.61495
0.609662
0.603574
0.59737
0.591647
0.58685
0.583222
0.580815
0.579522
0.579109
0.579328
0.579946
0.580779
0.581689
0.582563
0.583273
0.583609
0.583296
0.582011
0.579452
0.575452
0.570087
0.563777
0.557248
0.551432
0.547248
0.545324
0.545838
0.548516
0.552784
0.557962
0.563442
0.568756
0.573572
0.577654
0.580829
0.582951
0.58394
0.583771
0.582531
0.580435
0.577819
0.575091
0.572624
0.570667
0.569277
0.568306
0.567503
0.566623
0.56555
0.564363
0.563336
0.562896
0.563506
0.565501
0.568996
0.573811
0.579438
0.585145
0.590099
0.593554
0.594963
0.594125
0.591225
0.586754
0.581411
0.575927
0.570903
0.566754
0.563723
0.561963
0.5616
0.562715
0.565281
0.569101
0.573806
0.578886
0.583806
0.588135
0.591631
0.594269
0.596196
0.597646
0.598856
0.600015
0.601273
0.602721
0.604408
0.606363
0.608565
0.610926
0.613275
0.615368
0.616903
0.617548
0.616991
0.615008
0.611482
0.606438
0.60006
0.592644
0.584572
0.576283
0.568255
0.561004
0.555027
0.55073
0.548361
0.547956
0.549294
0.551961
0.555422
0.559112
0.562495
0.565111
0.566597
0.566705
0.5653
0.562359
0.558011
0.552558
0.546484
0.540397
0.534922
0.53055
0.527495
0.52563
0.524583
0.523891
0.523184
0.522256
0.521128
0.520001
0.519208
0.519104
0.519998
0.522085
0.525435
0.529983
0.535532
0.54174
0.548078
0.553893
0.558525
0.561454
0.562401
0.561359
0.558578
0.554479
0.549565
0.544367
0.539391
0.535082
0.531815
0.529876
0.529475
0.530709
0.533536
0.537759
0.543063
0.549027
0.555189
0.561089
0.566308
0.570477
0.573349
0.574816
0.574942
0.573934
0.572118
0.569849
0.567428
0.565012
0.562595
0.56003
0.557145
0.553817
0.550072
0.546114
0.542344
0.539264
0.537429
0.53728
0.539102
0.542941
0.548591
0.555604
0.563354
0.571093
0.578055
0.583553
0.587033
0.588131
0.586663
0.582632
0.576156
0.567459
0.556876
0.544863
0.531993
0.519005
0.506772
0.496188
0.48808
0.483146
0.481885
0.484544
0.490997
0.500656
0.512501
0.525283
0.537754
0.548884
0.557938
0.564508
0.568506
0.5701
0.569665
0.567693
0.564705
0.561201
0.557629
0.554397
0.551864
0.550356
0.550185
0.551576
0.554648
0.559352
0.565471
0.572638
0.580354
0.588053
0.595153
0.601107
0.605472
0.607932
0.608357
0.606819
0.60364
0.599341
0.594609
0.590184
0.586663
0.584372
0.583293
0.58314
0.583527
0.584107
0.584692
0.585243
0.585808
0.586416
0.587014
0.587431
0.587402
0.586651
0.584997
0.582462
0.579276
0.575837
0.572639
0.570192
0.568964
0.569324
0.571455
0.575304
0.58059
0.586863
0.593578
0.600189
0.606178
0.611068
0.614411
0.615846
0.615109
0.612089
0.606868
0.599728
0.591167
0.581818
0.572403
0.563621
0.556053
0.55009
0.545855
0.543216
0.541823
0.541199
0.540815
0.540244
0.539242
0.53782
0.536208
0.534712
0.533547
0.53274
0.532165
0.531645
0.531044
0.530252
0.529187
0.527799
0.526114
0.524249
0.522417
0.520877
0.519876
0.519593
0.520129
0.52152
0.523757
0.526784
0.5305
0.53474
0.539232
0.543592
0.54734
0.549961
0.551036
0.550365
0.548068
0.544648
0.540923
0.537842
0.536209
0.536469
0.538687
0.542604
0.547776
0.553682
0.55979
0.565566
0.570495
0.574096
0.575938
0.575715
0.573249
0.568539
0.561737
0.553143
0.543179
0.532381
0.521347
0.510685
0.500947
0.492567
0.485796
0.4807
0.477194
0.475076
0.474083
0.47396
0.474499
0.475592
0.477259
0.47964
0.482878
0.487055
0.492102
0.497785
0.503776
0.50973
0.515328
0.520351
0.524686
0.52834
0.531437
0.534144
0.536607
0.538903
0.541026
0.542888
0.544388
0.545459
0.546133
0.546539
0.546861
0.547274
0.547841
0.548474
0.548916
0.548829
0.547921
0.546026
0.543172
0.539596
0.53568
0.531878
0.528637
0.526316
0.525137
0.525173
0.526382
0.528605
0.531622
0.535187
0.539047
0.542983
0.546812
0.550392
0.553632
0.556479
0.558912
0.560947
0.562601
0.563839
0.564581
0.564667
0.563886
0.562022
0.558952
0.554667
0.549326
0.543241
0.536845
0.530609
0.524959
0.520211
0.51649
0.513732
0.511704
0.510046
0.508354
0.506273
0.503633
0.50056
0.49752
0.495218
0.494345
0.495194
0.497456
0.50033
0.502859
0.504249
0.504071
0.502336
0.499516
0.496517
0.494564
0.494822
0.497981
0.503987
0.512133
0.521425
0.530936
0.540003
0.548215
0.555339
0.561214
0.565691
0.56862
0.569852
0.569285
0.566917
0.562867
0.557411
0.550961
0.544017
0.537097
0.530666
0.525077
0.520542
0.517166
0.514951
0.513823
0.51368
0.514409
0.515905
0.518093
0.520915
0.524307
0.528176
0.532308
0.536387
0.539961
0.542519
0.543582
0.542792
0.539992
0.535286
0.529043
0.521844
0.514425
0.507582
0.502064
0.498471
0.497173
0.498249
0.501508
0.506521
0.512706
0.519433
0.526097
0.532204
0.537427
0.541592
0.544625
0.546554
0.547477
0.547535
0.546893
0.545751
0.544335
0.542936
0.541913
0.541654
0.542544
0.544855
0.548696
0.553946
0.560277
0.567251
0.574409
0.581323
0.587653
0.593156
0.597693
0.601186
0.603595
0.604941
0.605313
0.604869
0.603815
0.602382
0.600731
0.598914
0.596941
0.594793
0.592465
0.589967
0.587261
0.584262
0.580838
0.576883
0.572393
0.56755
0.562717
0.558389
0.555076
0.553168
0.552787
0.553774
0.555719
0.558079
0.560303
0.561974
0.56289
0.56307
0.562699
0.562049
0.561345
0.560691
0.560035
0.559188
0.557925
0.556098
0.553773
0.551315
0.549363
0.548676
0.549806
0.552875
0.557503
0.563002
0.568687
0.574067
0.57892
0.583195
0.58692
0.590115
0.592735
0.594667
0.59574
0.595793
0.594706
0.59244
0.589083
0.584875
0.580255
0.575796
0.57215
0.569872
0.569258
0.570235
0.572391
0.575123
0.577811
0.579942
0.581186
0.581348
0.580373
0.578309
0.575268
0.571464
0.567139
0.562551
0.557921
0.553392
0.549076
0.545058
0.541447
0.538387
0.536063
0.534673
0.534355
0.53518
0.537124
0.540173
0.544341
0.549638
0.555979
0.563043
0.570306
0.577086
0.582715
0.586655
0.588577
0.588399
0.586264
0.582539
0.577763
0.572583
0.567664
0.563614
0.560893
0.559752
0.560194
0.561996
0.564763
0.567991
0.571161
0.573847
0.575787
0.576896
0.577276
0.577163
0.576877
0.576706
0.576825
0.577266
0.577908
0.578513
0.578872
0.578865
0.578537
0.578052
0.577621
0.577402
0.577485
0.577915
0.578725
0.579874
0.581213
0.5825
0.583479
0.584024
0.584151
0.583987
0.583671
0.583246
0.582649
0.581766
0.580507
0.578852
0.576862
0.574613
0.572224
0.569838
0.567643
0.565905
0.564925
0.564951
0.566105
0.568257
0.570995
0.573732
0.575822
0.576724
0.57605
0.573631
0.569508
0.563907
0.557217
0.549971
0.54281
0.536398
0.531359
0.528148
0.52695
0.527665
0.529961
0.533441
0.537753
0.542662
0.548012
0.553646
0.559305
0.564565
0.568869
0.571615
0.572324
0.570805
0.567214
0.561968
0.555594
0.54853
0.541042
0.533266
0.525334
0.517468
0.50999
0.503283
0.497716
0.493607
0.49118
0.490554
0.491714
0.494473
0.498475
0.503236
0.508238
0.513063
0.51746
0.521407
0.525055
0.528662
0.532502
0.536785
0.541612
0.546966
0.552718
0.558652
0.564478
0.569898
0.574603
0.578347
0.580967
0.582393
0.582653
0.58188
0.580306
0.578263
0.576118
0.574244
0.572969
0.57253
0.573027
0.574456
0.576737
0.579751
0.583377
0.587485
0.591892
0.596326
0.600418
0.603762
0.605941
0.606634
0.605657
0.602949
0.598573
0.592684
0.585503
0.57735
0.568683
0.560154
0.552597
0.546911
0.543771
0.54333
0.545082
0.547973
0.550791
0.552589
0.552951
0.552001
0.550299
0.54855
0.547361
0.547057
0.547661
0.548995
0.55083
0.553026
0.555594
0.558664
0.562412
0.566891
0.571954
0.577224
0.582151
0.58611
0.588555
0.589102
0.587578
0.58405
0.578751
0.572078
0.564521
0.556616
0.548874
0.541736
0.535542
0.53054
0.526943
0.524983
0.524912
0.52693
0.531081
0.537119
0.544495
0.552478
0.560293
0.567214
0.572606
0.576011
0.577249
0.576507
0.574298
0.57135
0.568404
0.566044
0.564581
0.564045
0.564208
0.564742
0.565308
0.565674
0.565763
0.56567
0.565587
0.565712
0.566165
0.566929
0.56786
0.568779
0.569525
0.569962
0.570002
0.569562
0.568581
0.567023
0.564882
0.562199
0.559093
0.555758
0.552434
0.549395
0.546912
0.54518
0.544266
0.544041
0.544185
0.54425
0.543798
0.542512
0.540267
0.537088
0.533136
0.528611
0.523708
0.518601
0.513472
0.508527
0.504039
0.500358
0.497914
0.497185
0.498595
0.502325
0.50824
0.515853
0.524421
0.533161
0.54144
0.548896
0.555426
0.5611
0.566059
0.57044
0.57432
0.577695
0.580528
0.582779
0.584412
0.585411
0.585755
0.585382
0.584163
0.581906
0.578358
0.573287
0.566586
0.558372
0.54908
0.539474
0.530494
0.523021
0.517646
0.514523
0.513387
0.513695
0.514807
0.516192
0.517477
0.518524
0.519373
0.520165
0.521006
0.521857
0.522524
0.522729
0.522193
0.520754
0.518453
0.515542
0.512438
0.509665
0.50772
0.506998
0.507751
0.510086
0.514016
0.519483
0.526361
0.534405
0.54325
0.552389
0.561274
0.569418
0.576474
0.582293
0.586943
0.590635
0.593634
0.596178
0.598409
0.600364
0.601997
0.603196
0.603823
0.603699
0.602586
0.600212
0.596319
0.590728
0.583411
0.574515
0.564357
0.553425
0.542336
0.531767
0.522403
0.51476
0.509099
0.505426
0.503607
0.503539
0.50529
0.509055
0.515017
0.523171
0.533177
0.544323
0.555643
0.566076
0.574644
0.580624
0.583657
0.583769
0.581363
0.577131
0.571936
0.566636
0.561934
0.558268
0.555823
0.554613
0.554566
0.555598
0.557637
0.560545
0.564096
0.567979
0.571898
0.575619
0.579053
0.582217
0.585184
0.587995
0.590658
0.593157
0.595521
0.597847
0.600282
0.602971
0.60598
0.6092
0.612382
0.615131
0.616995
0.617547
0.6165
0.613726
0.609277
0.603412
0.596509
0.589038
0.581493
0.574319
0.567869
0.562393
0.558039
0.554876
0.552911
0.552086
0.552283
0.553312
0.554892
0.556662
0.558238
0.559276
0.559519
0.558775
0.556961
0.554135
0.550489
0.54637
0.542251
0.538652
0.536028
0.534684
0.534717
0.536011
0.538274
0.541102
0.54406
0.546765
0.54894
0.550465
0.551388
0.551931
0.552393
0.55312
0.5544
0.556386
0.559054
0.562232
0.565697
0.569234
0.572639
0.575669
0.578003
0.579299
0.579324
0.57809
0.575892
0.573185
0.570447
0.568027
0.566097
0.564709
0.563836
0.563463
0.563565
0.564126
0.565077
0.566287
0.567611
0.568945
0.570287
0.571718
0.573379
0.575396
0.577773
0.580384
0.582977
0.585207
0.586723
0.587218
0.586502
0.584558
0.581564
0.577905
0.574149
0.570937
0.568898
0.568432
0.569574
0.571952
0.57488
0.577526
0.579118
0.579132
0.577361
0.573953
0.569408
0.564455
0.559851
0.556117
0.553374
0.55139
0.549824
0.548464
0.547282
0.546392
0.545926
0.545984
0.546638
0.547976
0.550091
0.553054
0.556803
0.561031
0.565222
0.568735
0.571003
0.571674
0.570739
0.568581
0.565855
0.563248
0.561262
0.560027
0.559331
0.558749
0.557794
0.556046
0.553203
0.549076
0.543593
0.536836
0.529133
0.521154
0.51387
0.50835
0.505321
0.504856
0.506371
0.509049
0.512245
0.515722
0.519532
0.523818
0.528599
0.533727
0.538975
0.544101
0.548936
0.553406
0.557482
0.561137
0.564303
0.566828
0.568506
0.569143
0.568635
0.567044
0.564624
0.561812
0.559142
0.557133
0.556136
0.556226
0.557166
0.558483
0.559589
0.559969
0.559315
0.557602
0.55505
0.552077
0.549184
0.546906
0.545737
0.546052
0.548018
0.551551
0.55633
0.561928
0.567932
0.574005
0.579886
0.58534
0.590093
0.593849
0.596306
0.597207
0.596375
0.593763
0.589452
0.58367
0.576752
0.569125
0.561278
0.553686
0.546753
0.540824
0.536159
0.532932
0.531216
0.530965
0.531962
0.533859
0.536224
0.5387
0.541066
0.543341
0.545746
0.548616
0.552205
0.556549
0.561401
0.566316
0.570846
0.574733
0.577994
0.58092
0.583925
0.587408
0.591593
0.596462
0.601749
0.607028
0.611815
0.615695
0.618392
0.619816
0.620062
0.619389
0.618151
0.616736
0.615497
0.614635
0.614088
0.61351
0.612361
0.610043
0.606101
0.600333
0.592838
0.584012
0.574453
0.564876
0.556045
0.548658
0.543266
0.540208
0.539584
0.541247
0.544856
0.549937
0.55593
0.56223
0.568231
0.573393
0.577295
0.579709
0.580613
0.580159
0.578642
0.576409
0.573763
0.570876
0.567706
0.563995
0.559326
0.55325
0.545424
0.535807
0.524836
0.513534
0.503422
0.496235
0.493402
0.495583
0.502506
0.513213
0.526422
0.540825
0.55527
0.568776
0.580565
0.590093
0.597045
0.601339
0.603068
0.602454
0.599776
0.595319
0.589391
0.582304
0.574388
0.56602
0.557585
0.549518
0.542294
0.536368
0.532087
0.529592
0.528797
0.529469
0.53131
0.534081
0.537628
0.541836
0.546592
0.551735
0.557033
0.562237
0.567114
0.571472
0.575212
0.578323
0.580874
0.582945
0.584639
0.586072
0.587385
0.588736
0.590293
0.592247
0.594761
0.59788
0.601468
0.605199
0.608599
0.611141
0.612376
0.612023
0.609991
0.606348
0.601301
0.595107
0.588005
0.580172
0.571686
0.562587
0.55295
0.542958
0.533039
0.523875
0.516356
0.511429
0.509849
0.511978
0.517664
0.52625
0.536734
0.547962
0.558837
0.568458
0.576196
0.581716
0.584945
0.58599
0.58506
0.582392
0.57825
0.572952
0.566926
0.560724
0.554972
0.550215
0.546815
0.54489
0.544337
0.544924
0.546358
0.548305
0.550449
0.552511
0.554257
0.555524
0.556284
0.556629
0.556742
0.556851
0.557145
0.557723
0.558556
0.55946
0.560158
0.56039
0.559969
0.558866
0.557202
0.555263
0.553422
0.552032
0.551322
0.551336
0.551971
0.55304
0.554361
0.555837
0.557486
0.559387
0.561605
0.56414
0.566898
0.569718
0.572435
0.574878
0.576874
0.578151
0.578305
0.576917
0.573694
0.568697
0.562375
0.555453
0.548767
0.543054
0.538827
0.536307
0.535448
0.53602
0.537699
0.540144
0.543059
0.546266
0.549746
0.5536
0.558003
0.563106
0.568905
0.575181
0.58155
0.587568
0.592903
0.597447
0.601299
0.60469
0.607801
0.610639
0.612999
0.614523
0.614797
0.613447
0.610186
0.604872
0.597545
0.588412
0.577865
0.566407
0.554639
0.5432
0.532731
0.523836
0.517006
0.512549
0.510543
0.51081
0.51296
0.516492
0.520903
0.525733
0.530631
0.535396
0.539967
0.544416
0.548864
0.553419
0.558085
0.562718
0.567033
0.570689
0.573389
0.57499
0.57556
0.575421
0.575084
0.575203
0.576428
0.57925
0.58388
0.590174
0.597636
0.605525
0.613024
0.619356
0.623889
0.626204
0.626054
0.623379
0.618293
0.61109
0.602194
0.592176
0.581672
0.571277
0.561525
0.552816
0.545427
0.539489
0.535047
0.532064
0.530488
0.530298
0.531519
0.534179
0.538238
0.543577
0.550036
0.557416
0.565491
0.574021
0.582715
0.591218
0.599144
0.606137
0.611895
0.616233
0.619082
0.620475
0.620508
0.619276
0.616841
0.613203
0.60835
0.60237
0.595532
0.588333
0.581505
0.57584
0.571978
0.57022
0.570465
0.572286
0.575135
0.578497
0.582005
0.585473
0.588839
0.592092
0.595207
0.598104
0.600642
0.602627
0.603837
0.604075
0.603174
0.60099
0.597351
0.59208
0.584971
0.575878
0.56479
0.551968
0.538044
0.52406
0.511419
0.501648
0.496068
0.495451
0.499809
0.50846
0.520218
0.533715
0.547637
0.560883
0.57268
0.582572
0.590375
0.596102
0.59987
0.601866
0.602303
0.601408
0.599395
0.596443
0.592697
0.588292
0.583404
0.578355
0.573741
0.570513
0.569871
0.572864
0.579872
0.590259
0.602552
0.614964
0.625929
0.634349
0.639603
0.641447
0.639898
0.635192
0.62775
0.618159
0.607121
0.595385
0.583633
0.572419
0.56215
0.553154
0.545671
0.539871
0.535798
0.533368
0.532368
0.532524
0.533577
0.535357
0.537789
0.540864
0.544566
0.548809
0.553368
0.557873
0.561837
0.56475
0.566142
0.565651
0.563075
0.558394
0.551798
0.543668
0.534531
0.525036
0.515889
0.507796
0.501391
0.497137
0.495286
0.495787
0.498294
0.5022
0.506767
0.511291
0.51527
0.518492
0.521033
0.523134
0.525065
0.527
0.528964
0.530883
0.532641
0.534096
0.535154
0.535705
0.535655
0.534948
0.533556
0.531483
0.528791
0.525557
0.521909
0.518032
0.514167
0.510635
0.507818
0.506093
0.5058
0.507141
0.510144
0.514661
0.520377
0.526869
0.53365
0.540243
0.546234
0.551292
0.555198
0.557856
0.559311
0.559724
0.559385
0.558674
0.557981
0.557645
0.557869
0.558667
0.559891
0.561283
0.56256
0.563508
0.563991
0.563947
0.563378
0.562343
0.560944
0.559375
0.557889
0.556719
0.556006
0.555762
0.555877
0.55623
0.556737
0.557394
0.558253
0.559343
0.560617
0.561948
0.563177
0.564199
0.565024
0.565764
0.566601
0.567687
0.5691
0.570818
0.572723
0.574662
0.576516
0.578252
0.580014
0.582089
0.584823
0.588447
0.592952
0.598047
0.603282
0.608152
0.612237
0.615245
0.617009
0.61745
0.616573
0.6144
0.610958
0.606278
0.600412
0.593444
0.585511
0.576858
0.567841
0.558865
0.550348
0.542626
0.535892
0.530166
0.52532
0.521175
0.517586
0.514504
0.512023
0.510352
0.509759
0.510495
0.512732
0.516531
0.521796
0.528335
0.535885
0.544182
0.552946
0.561926
0.57085
0.579403
0.587167
0.593609
0.598113
0.600077
0.599043
0.594799
0.587506
0.577725
0.566417
0.554818
0.544241
0.535793
0.530193
0.52763
0.527825
0.530213
0.534105
0.538816
0.543727
0.548313
0.552122
0.554829
0.556275
0.55652
0.555876
0.55485
0.55407
0.55414
0.555525
0.558456
0.562862
0.568414
0.574599
0.580819
0.586456
0.590959
0.593897
0.595005
0.594207
0.591592
0.587418
0.582065
0.575999
0.569687
0.563512
0.557708
0.552311
0.547198
0.542207
0.537226
0.532327
0.527794
0.524098
0.521796
0.521382
0.523157
0.527089
0.532856
0.539942
0.547811
0.556038
0.564307
0.572381
0.580003
0.586875
0.59271
0.597291
0.600545
0.60254
0.603408
0.603266
0.602118
0.599867
0.596395
0.591661
0.585793
0.579116
0.572129
0.56541
0.559519
0.554885
0.551722
0.550029
0.549666
0.550436
0.552106
0.554376
0.556877
0.559165
0.560829
0.561605
0.561464
0.560624
0.559454
0.558372
0.557673
0.557493
0.557766
0.558236
0.5585
0.558147
0.556916
0.55484
0.552307
0.550009
0.548763
0.549284
0.551955
0.556679
0.562883
0.569668
0.576058
0.581228
0.584641
0.586095
0.585682
0.583693
0.580556
0.576784
0.572934
0.569545
0.567023
0.565552
0.565019
0.565063
0.565196
0.565
0.564267
0.563034
0.561491
0.55983
0.558097
0.556174
0.553837
0.550901
0.547342
0.543344
0.539306
0.535713
0.532993
0.531396
0.530919
0.53136
0.532403
0.533781
0.535351
0.537113
0.539149
0.541564
0.544397
0.547608
0.551069
0.554611
0.558069
0.561304
0.564193
0.566661
0.568651
0.570147
0.571172
0.571747
0.571868
0.571526
0.570675
0.56928
0.567349
0.564961
0.562258
0.559449
0.556768
0.554441
0.552653
0.55148
0.550929
0.550974
0.551617
0.552945
0.555113
0.558276
0.562443
0.567352
0.572437
0.576973
0.580238
0.581707
0.581118
0.578474
0.574035
0.568259
0.561726
0.555047
0.548736
0.543128
0.538313
0.534143
0.530308
0.526436
0.522209
0.517423
0.51207
0.506294
0.500374
1.08878
1.07054
1.04691
1.01966
0.991066
0.963667
0.939936
0.921932
0.910968
0.907404
0.910664
0.919446
0.932029
0.946526
0.961036
0.97371
0.982893
0.987335
0.986442
0.980439
0.97038
0.957855
0.944591
0.932102
0.921612
0.913922
0.909255
0.907136
0.906351
0.905175
0.901751
0.894729
0.883873
0.870533
0.857655
0.849067
0.847925
0.855188
0.868977
0.885459
0.900561
0.911373
0.916654
0.916768
0.91318
0.907946
0.90317
0.900532
0.900954
0.904483
0.910302
0.916857
0.92223
0.924729
0.923413
0.918391
0.910701
0.901938
0.89383
0.887923
0.88531
0.886327
0.890321
0.895752
0.900673
0.903417
0.903359
0.901242
0.8987
0.897218
0.897389
0.89892
0.90111
0.903287
0.90511
0.906777
0.909066
0.913178
0.920328
0.931291
0.946003
0.963376
0.981421
0.997613
1.00945
1.01501
1.01343
1.00494
0.99083
0.97303
0.953715
0.934902
0.91814
0.904431
0.894376
0.88847
0.887189
0.89079
0.898992
0.910731
0.924311
0.93787
0.949874
0.959437
0.966323
0.970831
0.973532
0.974989
0.975513
0.974995
0.972894
0.968379
0.960668
0.949485
0.935473
0.920409
0.906738
0.896513
0.890438
0.887718
0.886811
0.88636
0.885927
0.886115
0.888048
0.89236
0.898446
0.904768
0.909767
0.912514
0.912665
0.910084
0.904788
0.8973
0.889193
0.882926
0.880755
0.883524
0.890579
0.900524
0.911744
0.922573
0.931556
0.937805
0.941209
0.942386
0.942438
0.942581
0.943669
0.945709
0.947636
0.947449
0.942885
0.932665
0.917974
0.902768
0.891295
0.884388
0.879321
0.873505
0.867462
0.864411
0.867658
0.878118
0.893782
0.911286
0.927868
0.942185
0.954117
0.964199
0.973198
0.98181
0.990405
0.998916
1.0068
1.01319
1.01706
1.01748
1.01386
1.0061
0.994718
0.980888
0.966352
0.953068
0.942778
0.936543
0.934453
0.935649
0.938549
0.941159
0.941528
0.938154
0.930355
0.918443
0.903698
0.88811
0.873832
0.862525
0.854925
0.85097
0.850387
0.85318
0.859673
0.870084
0.884023
0.900354
0.917416
0.93337
0.946585
0.955915
0.960853
0.961527
0.958708
0.953633
0.947788
0.942575
0.938936
0.937134
0.936734
0.936758
0.935964
0.933151
0.927477
0.918822
0.908052
0.896909
0.887341
0.880619
0.87693
0.875742
0.876513
0.879202
0.8843
0.892405
0.903556
0.916885
0.930775
0.943497
0.9538
0.961087
0.965327
0.96692
0.966544
0.965015
0.962992
0.960778
0.958232
0.954853
0.950071
0.943526
0.935359
0.926502
0.918566
0.913429
0.912413
0.915636
0.92217
0.930736
0.940332
0.950314
0.960222
0.969646
0.978208
0.985628
0.991707
0.996337
0.999337
1.0004
0.999209
0.995733
0.99049
0.984674
0.979891
0.977585
0.97835
0.981599
0.985776
0.9889
0.989198
0.985539
0.97764
0.966107
0.952256
0.937817
0.924458
0.91322
0.904075
0.895934
0.887301
0.877278
0.866429
0.85677
0.850652
0.849186
0.851529
0.855596
0.859511
0.862438
0.864547
0.866445
0.868624
0.871218
0.874025
0.876622
0.878514
0.879253
0.878596
0.876711
0.874295
0.87253
0.872692
0.875576
0.881079
0.888306
0.896082
0.903359
0.909381
0.913531
0.915197
0.91389
0.909657
0.903432
0.897098
0.89309
0.893643
0.899904
0.911381
0.926133
0.941542
0.955185
0.965477
0.971754
0.974102
0.973009
0.969055
0.962732
0.954398
0.944352
0.933051
0.92119
0.909642
0.899235
0.890571
0.884143
0.880675
0.88116
0.886273
0.895525
0.907028
0.918135
0.926475
0.930637
0.930418
0.926606
0.920598
0.913903
0.90768
0.902653
0.899421
0.898853
0.901935
0.909229
0.920354
0.934031
0.948418
0.961499
0.971363
0.976577
0.976505
0.971605
0.963427
0.954136
0.94575
0.939456
0.93545
0.933217
0.93184
0.930221
0.927484
0.923427
0.918964
0.915783
0.915113
0.91643
0.917619
0.916416
0.911983
0.905622
0.900447
0.899774
0.904609
0.912702
0.920496
0.925743
0.928291
0.929108
0.929096
0.928591
0.92756
0.926102
0.924634
0.9238
0.92419
0.92611
0.929566
0.934457
0.940739
0.948375
0.957108
0.966268
0.974752
0.981311
0.984872
0.984745
0.980707
0.972906
0.961785
0.948087
0.932873
0.917544
0.903728
0.892908
0.886066
0.883498
0.884895
0.88956
0.896572
0.904907
0.913524
0.921401
0.927554
0.931065
0.931132
0.92729
0.91976
0.909902
0.900193
0.893317
0.890594
0.891142
0.892844
0.893939
0.893843
0.892932
0.89189
0.891177
0.890871
0.890853
0.891046
0.891631
0.89303
0.895713
0.899933
0.90554
0.911894
0.917963
0.922587
0.924759
0.923841
0.919747
0.913061
0.90512
0.897983
0.894046
0.895148
0.901675
0.912258
0.924402
0.935543
0.943854
0.94855
0.949833
0.948727
0.946748
0.945506
0.946205
0.949214
0.954
0.959466
0.964387
0.967846
0.969403
0.969048
0.967029
0.963677
0.959276
0.954023
0.948055
0.941542
0.934778
0.928156
0.92216
0.917303
0.914122
0.912986
0.913922
0.916462
0.919752
0.922838
0.924971
0.925834
0.925644
0.924998
0.924655
0.925242
0.927102
0.930234
0.934355
0.938974
0.943468
0.947127
0.949327
0.949723
0.948269
0.945068
0.940103
0.933198
0.924183
0.913124
0.90043
0.887067
0.875217
0.868811
0.872266
0.886977
0.909065
0.931819
0.949804
0.960572
0.963991
0.961161
0.953734
0.943539
0.932199
0.920832
0.909928
0.899482
0.889202
0.878711
0.867826
0.856768
0.846131
0.836629
0.828829
0.823189
0.820265
0.820811
0.825542
0.834595
0.847146
0.861637
0.876252
0.889371
0.89973
0.906376
0.908641
0.906192
0.899176
0.888339
0.875004
0.860782
0.847056
0.834558
0.823143
0.812049
0.80092
0.790902
0.784812
0.78565
0.794357
0.808999
0.82608
0.842334
0.855563
0.86458
0.869042
0.869423
0.866943
0.863289
0.860127
0.858514
0.858735
0.860629
0.864194
0.869919
0.878704
0.891261
0.90747
0.926092
0.944998
0.961933
0.975096
0.983364
0.986135
0.983123
0.974361
0.960375
0.94247
0.922751
0.903731
0.887663
0.876089
0.869887
0.869534
0.875241
0.886559
0.902195
0.920186
0.93829
0.954435
0.967057
0.975229
0.978671
0.977668
0.972989
0.96577
0.957382
0.949281
0.942749
0.938596
0.937016
0.937616
0.939556
0.941897
0.94377
0.944571
0.944089
0.942567
0.940614
0.938976
0.938289
0.938808
0.940255
0.941912
0.942843
0.942268
0.939857
0.935875
0.931086
0.926491
0.923049
0.921491
0.922219
0.925278
0.930386
0.936993
0.944387
0.951866
0.958793
0.964589
0.968676
0.970488
0.969594
0.965832
0.959295
0.950248
0.939027
0.925958
0.911503
0.896479
0.882278
0.870906
0.864635
0.865297
0.873334
0.88726
0.904138
0.920771
0.934743
0.94479
0.950631
0.952553
0.951234
0.947606
0.942804
0.938026
0.934167
0.931539
0.929875
0.928826
0.928451
0.929245
0.931445
0.934324
0.936326
0.936096
0.933362
0.928944
0.92416
0.920073
0.917062
0.914916
0.913208
0.911628
0.910008
0.90815
0.905697
0.902236
0.897625
0.892309
0.887328
0.884012
0.883573
0.886796
0.893918
0.904677
0.918333
0.933651
0.948987
0.962508
0.972579
0.978057
0.978486
0.974161
0.966032
0.955524
0.944407
0.934651
0.928248
0.92681
0.931072
0.940464
0.953078
0.966219
0.977145
0.983779
0.985073
0.981061
0.972712
0.961665
0.94994
0.939626
0.932549
0.929852
0.931652
0.937098
0.944746
0.953077
0.960875
0.967358
0.972086
0.97483
0.975569
0.974534
0.972209
0.969252
0.966389
0.964268
0.963312
0.963602
0.964789
0.966292
0.96765
0.96881
0.970172
0.972289
0.975487
0.979535
0.983632
0.986663
0.987592
0.985742
0.981046
0.974071
0.965932
0.958028
0.951736
0.948072
0.947417
0.94957
0.954
0.96016
0.967616
0.975921
0.984371
0.991869
0.997063
0.99878
0.996427
0.990254
0.981264
0.970828
0.960309
0.950718
0.942619
0.93631
0.932077
0.930231
0.930864
0.933466
0.93678
0.939249
0.939649
0.937554
0.933336
0.927878
0.922312
0.91787
0.915715
0.91667
0.920811
0.92724
0.934297
0.940146
0.9434
0.943535
0.940906
0.936425
0.931054
0.925399
0.919663
0.913995
0.908977
0.905786
0.905804
0.909759
0.917038
0.925747
0.933358
0.937495
0.936481
0.929591
0.917153
0.900551
0.882151
0.864946
0.851996
0.845662
0.84694
0.855332
0.869217
0.88658
0.905711
0.925539
0.945385
0.964544
0.981934
0.996241
1.00648
1.01243
1.01462
1.0139
1.01095
1.00612
0.999674
0.991885
0.982777
0.971952
0.958796
0.943026
0.925251
0.907141
0.89099
0.878835
0.871529
0.868475
0.868204
0.869238
0.87061
0.87186
0.872833
0.873519
0.874089
0.874934
0.876561
0.879236
0.882542
0.88532
0.886046
0.883487
0.87716
0.867473
0.855422
0.842144
0.828547
0.815407
0.803838
0.795584
0.792587
0.796046
0.805892
0.82113
0.840454
0.862526
0.88593
0.909099
0.930466
0.948726
0.963037
0.973081
0.978963
0.981025
0.979754
0.975692
0.969359
0.961282
0.952018
0.942279
0.933159
0.926207
0.923225
0.925542
0.933033
0.943908
0.955541
0.965539
0.972351
0.975395
0.974827
0.971248
0.965422
0.958143
0.950308
0.943159
0.938342
0.937452
0.941224
0.949046
0.959151
0.969359
0.977798
0.983292
0.985466
0.984582
0.981182
0.975829
0.96888
0.960608
0.951314
0.941504
0.931923
0.923416
0.91662
0.911721
0.908379
0.90585
0.903345
0.900299
0.896587
0.892435
0.888345
0.884758
0.881817
0.879334
0.876877
0.874015
0.870587
0.866862
0.863576
0.861819
0.862793
0.867454
0.876205
0.888777
0.904302
0.921544
0.939092
0.955486
0.969356
0.979576
0.985424
0.986681
0.983636
0.977036
0.967825
0.95694
0.945076
0.932636
0.919879
0.907213
0.895498
0.886192
0.880944
0.880745
0.885281
0.89303
0.901982
0.91044
0.917497
0.922993
0.927266
0.930831
0.934187
0.937826
0.942275
0.947971
0.955055
0.963222
0.971769
0.979821
0.98656
0.991365
0.993882
0.993959
0.991589
0.986884
0.980076
0.971459
0.961436
0.950562
0.939617
0.929534
0.921085
0.914544
0.909513
0.90497
0.899768
0.893205
0.885371
0.877042
0.869268
0.862932
0.85837
0.855366
0.853306
0.851478
0.849351
0.846688
0.843501
0.840002
0.83647
0.833194
0.830434
0.828472
0.827553
0.827817
0.829069
0.830663
0.831664
0.831207
0.828823
0.824793
0.820231
0.816779
0.81587
0.818006
0.822727
0.829458
0.838273
0.849775
0.864234
0.880818
0.897624
0.912486
0.923742
0.930517
0.932522
0.929886
0.923115
0.913195
0.901652
0.890345
0.881167
0.875569
0.874195
0.876752
0.882217
0.889356
0.897052
0.904477
0.91106
0.916482
0.920651
0.923543
0.925019
0.924697
0.922116
0.917178
0.91052
0.903503
0.897625
0.894012
0.893302
0.895712
0.900989
0.908175
0.915579
0.921189
0.923313
0.921078
0.914639
0.904984
0.89351
0.881608
0.870305
0.860089
0.851147
0.843601
0.837678
0.833633
0.831623
0.831652
0.833588
0.837307
0.842822
0.850549
0.861396
0.876284
0.894996
0.915376
0.933976
0.947539
0.954074
0.953076
0.945273
0.932348
0.916679
0.900892
0.88733
0.877496
0.871776
0.86941
0.868735
0.867664
0.864365
0.85822
0.850995
0.847074
0.851062
0.863741
0.881117
0.897948
0.911077
0.919825
0.924849
0.9271
0.927382
0.926247
0.924001
0.920708
0.916228
0.910291
0.902689
0.89363
0.884095
0.875721
0.870052
0.867526
0.867284
0.867975
0.868754
0.869614
0.871064
0.873654
0.877634
0.882771
0.888467
0.893928
0.89839
0.901381
0.90302
0.904208
0.906359
0.91063
0.917189
0.925065
0.93264
0.938258
0.940576
0.938764
0.932627
0.922596
0.909522
0.894407
0.878231
0.861882
0.846244
0.832233
0.820796
0.812658
0.80801
0.806374
0.80686
0.808581
0.811015
0.814008
0.81755
0.821533
0.82552
0.828802
0.830647
0.830669
0.829192
0.827328
0.826645
0.828508
0.833505
0.841335
0.851083
0.861632
0.871929
0.881229
0.889238
0.896151
0.902395
0.908339
0.914033
0.919169
0.923175
0.92545
0.925603
0.923741
0.920827
0.918715
0.919601
0.924855
0.933981
0.944722
0.954152
0.959838
0.960428
0.955685
0.946211
0.933214
0.918269
0.903069
0.889134
0.877586
0.869128
0.864216
0.863204
0.866391
0.873946
0.885806
0.901435
0.919603
0.938425
0.955809
0.969996
0.979807
0.984607
0.984225
0.978951
0.969644
0.957813
0.945663
0.936032
0.931709
0.934123
0.942371
0.953643
0.964749
0.973354
0.97832
0.97946
0.977096
0.971712
0.96381
0.954042
0.943427
0.933397
0.925625
0.921674
0.922552
0.928247
0.937514
0.948164
0.957758
0.964357
0.966942
0.965412
0.960352
0.952723
0.943467
0.933198
0.922082
0.910067
0.897459
0.88555
0.876573
0.872613
0.874127
0.879794
0.887571
0.895753
0.903248
0.909336
0.913482
0.915333
0.914772
0.911902
0.907088
0.901032
0.89503
0.8912
0.892152
0.899633
0.913047
0.929615
0.946198
0.960942
0.97358
0.984818
0.995545
1.00622
1.01655
1.02533
1.03083
1.03137
1.02605
1.01521
1.00021
0.982691
0.963966
0.944866
0.926135
0.908592
0.892982
0.879871
0.869847
0.863721
0.862366
0.866186
0.874623
0.88614
0.898796
0.911043
0.922194
0.932399
0.942254
0.952166
0.961999
0.971011
0.978003
0.981631
0.980802
0.975089
0.96512
0.952733
0.940692
0.931655
0.926789
0.92522
0.924966
0.924287
0.922403
0.91948
0.916355
0.914103
0.91357
0.915011
0.91808
0.922228
0.927021
0.932151
0.937202
0.941421
0.943749
0.943138
0.939024
0.931599
0.921873
0.911413
0.901843
0.894286
0.889036
0.88562
0.883117
0.880571
0.877319
0.873125
0.868166
0.862978
0.858424
0.855568
0.855486
0.859046
0.866675
0.878234
0.892952
0.909461
0.925922
0.940296
0.950789
0.956401
0.957316
0.954993
0.951461
0.948293
0.945818
0.943375
0.940105
0.935655
0.930317
0.924717
0.919494
0.915093
0.911677
0.909064
0.906889
0.904704
0.902136
0.899072
0.895778
0.892922
0.891519
0.892698
0.897283
0.905378
0.91614
0.927948
0.93885
0.947061
0.951274
0.950825
0.945723
0.936589
0.924567
0.911211
0.898211
0.886978
0.878282
0.872205
0.868301
0.865943
0.864588
0.863936
0.863936
0.864544
0.865419
0.865965
0.865812
0.865273
0.86528
0.866832
0.870477
0.876088
0.882977
0.890089
0.896232
0.900225
0.901114
0.898562
0.893253
0.887015
0.88218
0.880327
0.881404
0.884125
0.887202
0.890063
0.892836
0.895861
0.899229
0.902577
0.905213
0.906366
0.905482
0.902483
0.897877
0.892633
0.887884
0.884539
0.883129
0.883932
0.887119
0.892662
0.900104
0.908454
0.916523
0.92341
0.92877
0.932646
0.93509
0.935915
0.934715
0.931015
0.924383
0.914575
0.901701
0.886493
0.870463
0.855743
0.844542
0.838305
0.837217
0.840406
0.846627
0.854787
0.864098
0.87406
0.884311
0.894481
0.904009
0.91207
0.917769
0.920466
0.9201
0.917281
0.913049
0.908592
0.905004
0.90314
0.903359
0.905358
0.908258
0.911037
0.913033
0.914184
0.914935
0.915852
0.917285
0.919212
0.921361
0.923457
0.925407
0.927241
0.928947
0.930308
0.930898
0.930328
0.928585
0.926191
0.924069
0.923202
0.924198
0.927086
0.931372
0.936325
0.941165
0.945143
0.947526
0.947629
0.944919
0.939239
0.931019
0.921369
0.911915
0.904395
0.900169
0.899868
0.903299
0.909579
0.917341
0.925002
0.931
0.934082
0.93348
0.928998
0.921081
0.910716
0.899223
0.88798
0.878272
0.87114
0.867307
0.867074
0.870258
0.876335
0.88467
0.894678
0.905851
0.917682
0.92959
0.940877
0.950699
0.958067
0.961717
0.960216
0.952359
0.937686
0.916925
0.892147
0.866733
0.844886
0.830412
0.825063
0.8277
0.835334
0.844962
0.854817
0.864504
0.87445
0.885418
0.898003
0.912341
0.927967
0.943858
0.958705
0.971269
0.980772
0.987017
0.990281
0.991042
0.989722
0.986592
0.981808
0.975509
0.967852
0.959035
0.949317
0.938989
0.928331
0.917637
0.907192
0.897228
0.887983
0.879758
0.873045
0.868549
0.867155
0.869745
0.876955
0.888871
0.904828
0.923477
0.942992
0.961345
0.976675
0.987557
0.993266
0.993849
0.989973
0.982587
0.972509
0.960272
0.946257
0.931044
0.91572
0.901894
0.891291
0.885089
0.883397
0.885294
0.889375
0.894322
0.899166
0.903278
0.906289
0.908011
0.908403
0.90757
0.905808
0.903567
0.901425
0.900003
0.899745
0.900766
0.902831
0.905436
0.90797
0.909907
0.910859
0.910633
0.909226
0.906894
0.904112
0.901479
0.899569
0.898701
0.898925
0.900049
0.901817
0.904056
0.906801
0.910324
0.915011
0.921095
0.928404
0.936214
0.943362
0.948499
0.950386
0.948035
0.940877
0.9289
0.91284
0.894306
0.875686
0.859885
0.849727
0.847043
0.851924
0.862587
0.876152
0.88962
0.900564
0.907529
0.91026
0.909754
0.907821
0.905941
0.904478
0.902788
0.900048
0.895849
0.890379
0.884448
0.879679
0.878353
0.882306
0.891418
0.90323
0.914319
0.922035
0.925183
0.923833
0.918981
0.912213
0.905506
0.900928
0.90017
0.904038
0.912091
0.922831
0.934258
0.944566
0.952648
0.958244
0.961739
0.963875
0.965538
0.967512
0.97021
0.973543
0.976825
0.979014
0.979143
0.976783
0.97222
0.966409
0.96064
0.956137
0.953682
0.953326
0.954414
0.955955
0.957165
0.957882
0.958637
0.960257
0.963273
0.967492
0.972012
0.975502
0.976584
0.974316
0.968547
0.959955
0.949827
0.939671
0.930757
0.92393
0.919629
0.918066
0.91933
0.923229
0.929125
0.936028
0.942836
0.948656
0.953008
0.955889
0.957684
0.958928
0.959988
0.960889
0.961349
0.960996
0.959658
0.957462
0.95478
0.952021
0.949532
0.947615
0.946733
0.947535
0.950656
0.956316
0.964012
0.972615
0.980894
0.988137
0.99433
0.999795
1.00455
1.00796
1.00901
1.0069
1.00137
0.992702
0.981443
0.968146
0.95349
0.938497
0.924667
0.913815
0.907557
0.906687
0.910866
0.918842
0.929038
0.940095
0.951143
0.961788
0.971892
0.981461
0.990493
0.998907
1.00649
1.01286
1.01749
1.01971
1.01884
1.01438
1.0063
0.9951
0.981822
0.967772
0.954249
0.942431
0.933274
0.927353
0.924724
0.924738
0.926266
0.927981
0.928702
0.927535
0.923866
0.917254
0.907409
0.894305
0.878384
0.860899
0.844116
0.831002
0.824309
0.825459
0.834138
0.848555
0.865926
0.88295
0.896503
0.904395
0.905932
0.902237
0.896098
0.891223
0.891014
0.897175
0.909065
0.92421
0.939502
0.952333
0.961132
0.965455
0.965861
0.96365
0.960487
0.957792
0.95614
0.955012
0.953232
0.949697
0.94393
0.936044
0.926369
0.915183
0.902779
0.889823
0.877442
0.86702
0.859885
0.857052
0.859081
0.865912
0.876683
0.889817
0.903407
0.915655
0.925105
0.930776
0.932305
0.929958
0.924546
0.917065
0.9084
0.898995
0.888909
0.878037
0.866552
0.855192
0.845241
0.838196
0.83528
0.837046
0.84331
0.853218
0.865437
0.878399
0.890487
0.90028
0.906756
0.90939
0.908161
0.903509
0.896202
0.887305
0.878073
0.869853
0.863818
0.860687
0.860507
0.862734
0.866559
0.87134
0.876877
0.88343
0.891531
0.901628
0.913753
0.927269
0.940782
0.952324
0.959829
0.961691
0.957111
0.946224
0.930068
0.910456
0.889774
0.870607
0.855268
0.845255
0.840966
0.841743
0.846112
0.852286
0.858641
0.864074
0.868205
0.871349
0.874295
0.877999
0.88329
0.890627
0.900031
0.911111
0.923136
0.935101
0.945793
0.953973
0.958631
0.95924
0.956105
0.950497
0.944572
0.94083
0.941302
0.946706
0.956175
0.967642
0.978735
0.987517
0.992853
0.994494
0.992888
0.988994
0.983972
0.97886
0.974307
0.970409
0.966734
0.962532
0.957014
0.949617
0.940134
0.928802
0.91637
0.904258
0.894472
0.889055
0.889222
0.894731
0.904023
0.915017
0.925916
0.935587
0.943609
0.950092
0.955402
0.959888
0.963823
0.967388
0.970697
0.973785
0.97656
0.97884
0.980306
0.980613
0.979434
0.976603
0.972198
0.966574
0.960304
0.954068
0.948525
0.944204
0.941306
0.939516
0.938119
0.936234
0.933055
0.928064
0.921065
0.912243
0.902196
0.891862
0.882418
0.875013
0.870411
0.868831
0.870006
0.873401
0.878458
0.884744
0.892081
0.900422
0.909905
0.920694
0.932857
0.94613
0.959852
0.972922
0.983973
0.991584
0.994594
0.99231
0.984673
0.972317
0.956515
0.939003
0.921608
0.905801
0.892251
0.880524
0.869353
0.857348
0.843904
0.829837
0.81708
0.807435
0.801291
0.797596
0.794818
0.791849
0.788398
0.78504
0.783147
0.784529
0.790751
0.802302
0.818317
0.836871
0.855649
0.872482
0.885704
0.894212
0.89746
0.895364
0.888281
0.876981
0.86268
0.847078
0.832186
0.819969
0.811783
0.808112
0.808701
0.813118
0.821
0.831956
0.845333
0.860112
0.875034
0.88887
0.900588
0.909403
0.914787
0.916471
0.914403
0.908845
0.900455
0.890372
0.880215
0.871925
0.867459
0.86826
0.874667
0.885625
0.89906
0.912802
0.925464
0.936769
0.947159
0.957111
0.966516
0.97457
0.980055
0.981752
0.978828
0.971141
0.959386
0.945166
0.930979
0.919872
0.914504
0.915756
0.922029
0.930014
0.936133
0.937796
0.933845
0.924471
0.910892
0.89486
0.878111
0.862015
0.847407
0.834755
0.82439
0.81684
0.813023
0.813989
0.820214
0.831025
0.84469
0.859133
0.872601
0.883825
0.892037
0.896826
0.898102
0.896081
0.891305
0.884633
0.877166
0.870048
0.864124
0.859614
0.856096
0.852826
0.849441
0.846636
0.846347
0.850987
0.861832
0.877778
0.895902
0.913266
0.928316
0.940998
0.951937
0.961475
0.969149
0.973963
0.975018
0.972048
0.965678
0.957356
0.949125
0.943152
0.941089
0.943407
0.949095
0.956089
0.962061
0.965105
0.964056
0.958555
0.949075
0.936981
0.924485
0.914275
0.908776
0.909102
0.914383
0.922198
0.929702
0.934553
0.935247
0.931347
0.923756
0.914854
0.907883
0.905409
0.908007
0.914326
0.922399
0.9308
0.938854
0.946116
0.951838
0.954872
0.953923
0.947979
0.936746
0.920887
0.902144
0.883102
0.866763
0.855802
0.851883
0.855255
0.864914
0.879112
0.895805
0.912966
0.928684
0.941308
0.949676
0.953398
0.953052
0.950107
0.946457
0.943739
0.942802
0.943624
0.945616
0.948059
0.950378
0.952312
0.953915
0.955444
0.957271
0.959734
0.963074
0.96733
0.97224
0.977272
0.98173
0.984863
0.986001
0.984669
0.980612
0.973807
0.96438
0.952563
0.938774
0.923671
0.908127
0.893063
0.879205
0.866882
0.85597
0.845982
0.836307
0.826538
0.816784
0.807823
0.801009
0.797868
0.79954
0.806247
0.817114
0.830414
0.844065
0.856163
0.865368
0.871118
0.873576
0.873477
0.87187
0.869779
0.868002
0.866914
0.866518
0.866585
0.866868
0.867272
0.86793
0.869082
0.870827
0.873026
0.875353
0.877688
0.88055
0.88518
0.892895
0.904103
0.917912
0.932757
0.947226
0.960381
0.971455
0.979696
0.984463
0.985461
0.982902
0.977395
0.969691
0.960558
0.950697
0.940829
0.931711
0.923997
0.918122
0.914138
0.911627
0.909801
0.907773
0.904945
0.901276
0.897177
0.893281
0.890255
0.888733
0.889266
0.89219
0.897464
0.904607
0.91277
0.920973
0.928314
0.934101
0.937877
0.939427
0.938635
0.935466
0.930008
0.922699
0.914586
0.907441
0.903426
0.904229
0.91022
0.920275
0.932397
0.944464
0.954672
0.961761
0.965057
0.96458
0.961059
0.955906
0.950889
0.947629
0.947016
0.948862
0.95205
0.954998
0.956292
0.9551
0.951295
0.945345
0.938198
0.931065
0.925078
0.921034
0.919247
0.91964
0.921747
0.924809
0.927809
0.929701
0.929644
0.927259
0.922812
0.917305
0.912382
0.909845
0.910981
0.915884
0.923369
0.931563
0.938624
0.943261
0.944869
0.943436
0.939469
0.933865
0.927767
0.922325
0.918357
0.916167
0.915586
0.91622
0.917667
0.919623
0.921802
0.923757
0.924788
0.924072
0.920935
0.915159
0.907262
0.89858
0.890926
0.885934
0.884431
0.886254
0.890445
0.895794
0.901221
0.905945
0.909553
0.911929
0.913095
0.913151
0.912215
0.910478
0.908242
0.905879
0.903703
0.901835
0.900179
0.898505
0.896674
0.894756
0.893053
0.891994
0.891907
0.89288
0.894714
0.897005
0.89932
0.901419
0.903319
0.905348
0.908032
0.911997
0.917791
0.925763
0.935852
0.947463
0.959488
0.970618
0.979623
0.985589
0.988029
0.986921
0.982637
0.975974
0.968052
0.960136
0.953342
0.948467
0.945911
0.945599
0.946975
0.949099
0.950875
0.951331
0.949756
0.945794
0.939385
0.930804
0.920705
0.91026
0.901092
0.894931
0.893004
0.895522
0.901555
0.909375
0.917079
0.923254
0.927367
0.929819
0.931752
0.934506
0.938982
0.945176
0.952228
0.958821
0.963828
0.966629
0.967205
0.965905
0.963142
0.959129
0.953859
0.947114
0.938606
0.928027
0.915087
0.899692
0.882148
0.863392
0.845099
0.829447
0.818421
0.812949
0.812661
0.816648
0.824611
0.837263
0.855509
0.879048
0.905672
0.931819
0.953911
0.969416
0.977372
0.97848
0.9749
0.96953
0.964931
0.962325
1.09835
1.0949
1.08797
1.07641
1.06024
1.04119
1.02278
1.00951
1.00488
1.00957
1.02118
1.03584
1.05005
1.06173
1.07017
1.07559
1.07866
1.08027
1.08133
1.08247
1.0839
1.08535
1.08634
1.08638
1.08521
1.08296
1.08024
1.07802
1.07718
1.07806
1.08032
1.08325
1.08638
1.08961
1.09293
1.09589
1.09737
1.09584
1.08985
1.07846
1.06172
1.0409
1.0185
0.997933
0.982623
0.974934
0.975352
0.982506
0.993985
1.00726
1.02027
1.03165
1.04064
1.04694
1.05064
1.05196
1.05125
1.04885
1.0451
1.04014
1.03383
1.02577
1.01542
1.00246
0.987083
0.970255
0.953837
0.94056
0.933929
0.937733
0.954507
0.982976
1.01723
1.04986
1.07575
1.09338
1.10387
1.1094
1.112
1.11292
1.11241
1.11008
1.10522
1.09718
1.08551
1.07029
1.0523
1.03327
1.01568
1.00213
0.994169
0.991464
0.992001
0.993325
0.993834
0.99331
0.99251
0.992298
0.992901
0.993752
0.993835
0.992416
0.989909
0.988734
0.992726
1.00388
1.01978
1.03541
1.04701
1.05363
1.05619
1.05621
1.05512
1.05418
1.05447
1.05682
1.06163
1.06859
1.07678
1.08491
1.09172
1.09616
1.09754
1.09542
1.08971
1.0809
1.07019
1.0595
1.05089
1.04595
1.04514
1.0477
1.05185
1.05536
1.05606
1.05243
1.04392
1.03109
1.01544
0.999141
0.984424
0.973065
0.966043
0.963598
0.965543
0.971465
0.980811
0.992842
1.00664
1.02129
1.03588
1.04939
1.06058
1.06816
1.07109
1.06913
1.06313
1.05489
1.0465
1.03968
1.0353
1.03339
1.0334
1.03448
1.03565
1.03595
1.03453
1.03093
1.02523
1.01824
1.01128
1.00562
1.00154
0.998233
0.99474
0.991001
0.98789
0.986392
0.986738
0.988287
0.990018
0.991131
0.991306
0.990573
0.989019
0.986577
0.983021
0.978127
0.971851
0.964414
0.956262
0.947888
0.939739
0.932316
0.926272
0.922291
0.920553
0.920295
0.920059
0.918489
0.915114
0.910611
0.906602
0.905019
0.907352
0.913975
0.924037
0.935818
0.947326
0.956809
0.963111
0.965895
0.965692
0.963721
0.961535
0.960537
0.961588
0.964786
0.969542
0.974878
0.979711
0.983144
0.984547
0.98367
0.980788
0.976914
0.973835
0.973754
0.978258
0.987377
0.999503
1.01223
1.02332
1.03125
1.03525
1.03512
1.03114
1.02405
1.01497
1.00525
0.996151
0.988509
0.982581
0.978067
0.974367
0.970853
0.967054
0.962673
0.957611
0.951978
0.946096
0.940582
0.936239
0.933828
0.933708
0.935608
0.938753
0.942287
0.945705
0.949009
0.952611
0.957095
0.962998
0.970502
0.979246
0.988435
0.997245
1.0052
1.01222
1.01823
1.0229
1.02553
1.02528
1.02142
1.01369
1.00234
0.988148
0.972255
0.956039
0.941021
0.928975
0.922077
0.922572
0.931918
0.949783
0.973711
0.999812
1.02421
1.04424
1.05897
1.06898
1.07575
1.08087
1.08549
1.09008
1.0945
1.09828
1.10082
1.10151
1.09977
1.09511
1.08726
1.07641
1.0632
1.04877
1.03441
1.02123
1.00997
1.00081
0.993434
0.987227
0.981471
0.975538
0.969047
0.961919
0.954464
0.947261
0.940937
0.935932
0.932482
0.93092
0.931822
0.935772
0.942786
0.951806
0.960873
0.967765
0.970737
0.969094
0.963437
0.955572
0.948044
0.943324
0.942793
0.946048
0.951134
0.955585
0.957706
0.957358
0.955673
0.954049
0.95337
0.954017
0.956133
0.959435
0.963157
0.966593
0.969877
0.97406
0.980337
0.989018
0.999127
1.00883
1.01651
1.02169
1.02506
1.02781
1.03078
1.03399
1.03695
1.03911
1.04022
1.04025
1.03925
1.03709
1.03336
1.02744
1.01879
1.00747
0.994661
0.982681
0.974476
0.972523
0.977683
0.988666
1.00239
1.01495
1.02273
1.02329
1.01598
1.00267
0.988254
0.979241
0.979279
0.986133
0.994269
0.99932
0.9996
0.995222
0.987247
0.977363
0.96769
0.960344
0.95688
0.95783
0.962669
0.970141
0.978746
0.987166
0.994555
1.0006
1.00539
1.00908
1.01165
1.01286
1.01241
1.01032
1.00719
1.0043
1.00315
1.00464
1.0085
1.01336
1.01751
1.01972
1.01957
1.01729
1.01345
1.00868
1.00365
0.998753
0.993867
0.988305
0.981206
0.972115
0.9615
0.950912
0.942864
0.940076
0.944087
0.954276
0.968222
0.983108
0.996737
1.00773
1.0152
1.01851
1.01701
1.01019
0.997839
0.980437
0.959624
0.938309
0.920079
0.907812
0.902462
0.903078
0.907796
0.914808
0.922818
0.931115
0.939409
0.947556
0.955278
0.962241
0.968336
0.973889
0.979623
0.986163
0.993518
1.00104
1.0079
1.01359
1.01798
1.02132
1.02395
1.02609
1.02757
1.02776
1.02592
1.02195
1.01742
1.01535
1.01786
1.0236
1.02836
1.02833
1.02215
1.01079
0.996372
0.981237
0.967546
0.956986
0.950799
0.949563
0.952993
0.959915
0.968538
0.976935
0.983538
0.987516
0.988928
0.988684
0.988306
0.989488
0.993447
1.0002
1.0084
1.01597
1.02142
1.02483
1.02763
1.03138
1.03647
1.04195
1.04642
1.04906
1.05004
1.05015
1.05033
1.05117
1.0527
1.05437
1.05526
1.05429
1.05034
1.04246
1.03012
1.01356
0.994209
0.974713
0.95855
0.948879
0.947282
0.953114
0.963878
0.976372
0.987898
0.997036
1.00366
1.00855
1.0127
1.0168
1.02077
1.0238
1.02462
1.02207
1.01572
1.00638
0.996052
0.987258
0.98183
0.979971
0.980496
0.981826
0.982983
0.983882
0.984979
0.986707
0.989215
0.992616
0.997431
1.00442
1.01374
1.02416
1.03363
1.04033
1.04347
1.04315
1.04006
1.03533
1.03054
1.02755
1.02786
1.03189
1.03874
1.0468
1.05469
1.06172
1.06771
1.07265
1.07639
1.07859
1.07888
1.07715
1.07362
1.06882
1.06347
1.05825
1.05361
1.04972
1.04657
1.04397
1.04163
1.03906
1.0355
1.02997
1.02171
1.01067
0.997923
0.985412
0.975138
0.968242
0.964627
0.963592
0.964631
0.967831
0.973546
0.981745
0.99157
1.00168
1.01104
1.01924
1.02632
1.03218
1.03629
1.03771
1.03566
1.02993
1.02117
1.01091
1.00113
0.993826
0.99043
0.99137
0.995787
1.00186
1.00748
1.01102
1.0116
1.00915
1.00408
0.997088
0.989005
0.98073
0.973213
0.967492
0.964618
0.965396
0.969973
0.977618
0.986814
0.995711
1.00268
1.00684
1.00816
1.00737
1.0055
1.00333
1.00116
0.998883
0.996439
0.994292
0.993354
0.994388
0.997404
1.00153
1.0055
1.00827
1.00942
1.00932
1.00894
1.00935
1.01111
1.01395
1.0168
1.01817
1.01675
1.01189
1.00381
0.99361
0.983047
0.974258
0.969337
0.969868
0.976419
0.988453
1.00438
1.02197
1.03867
1.05202
1.06003
1.06153
1.05642
1.04548
1.03008
1.01198
0.993227
0.976175
0.963064
0.955473
0.953803
0.957352
0.964811
0.974793
0.986123
0.997869
1.00928
1.01968
1.02847
1.03508
1.03914
1.04072
1.04042
1.03932
1.0387
1.03958
1.0424
1.04682
1.05186
1.05615
1.0584
1.05761
1.05321
1.04505
1.03333
1.01864
1.00204
0.985121
0.970015
0.959169
0.954815
0.958077
0.968339
0.983266
0.999615
1.01423
1.02488
1.03077
1.03279
1.03326
1.03492
1.0394
1.04626
1.05329
1.05788
1.05818
1.05368
1.04506
1.03391
1.02213
1.01144
1.00303
0.997453
0.99469
0.994352
0.995907
0.998824
1.00269
1.00724
1.01232
1.01791
1.02406
1.03088
1.0384
1.04632
1.05398
1.06045
1.06494
1.06693
1.06628
1.0631
1.05782
1.05102
1.04353
1.03636
1.0306
1.02722
1.02676
1.02903
1.03306
1.0376
1.04156
1.04436
1.04589
1.04633
1.04597
1.04509
1.04382
1.0421
1.03967
1.03629
1.03202
1.02729
1.02289
1.01959
1.0178
1.01742
1.01802
1.01914
1.02056
1.02241
1.02498
1.02841
1.03252
1.03689
1.04112
1.045
1.04857
1.05202
1.05558
1.0595
1.06386
1.0685
1.07299
1.07679
1.07946
1.08087
1.0813
1.08127
1.08127
1.08145
1.08143
1.08037
1.07743
1.07225
1.0654
1.05827
1.0524
1.04859
1.04635
1.04429
1.04096
1.03565
1.02881
1.02185
1.01658
1.01447
1.01621
1.02157
1.02964
1.03939
1.04996
1.0607
1.07108
1.08034
1.08746
1.0912
1.09049
1.08485
1.0748
1.06192
1.04849
1.03664
1.02769
1.02199
1.01905
1.01803
1.0181
1.01881
1.02023
1.02278
1.02678
1.03203
1.03768
1.04266
1.04617
1.04801
1.04857
1.04843
1.04775
1.04591
1.04178
1.03446
1.02394
1.0113
0.998326
0.986653
0.976839
0.968217
0.959576
0.950141
0.94007
0.930356
0.922381
0.917405
0.916045
0.918075
0.922631
0.928738
0.935744
0.943311
0.950968
0.95771
0.962084
0.962796
0.959341
0.952245
0.942771
0.932463
0.922861
0.915426
0.911609
0.912801
0.919869
0.932488
0.948864
0.966312
0.982343
0.995704
1.00675
1.01697
1.02763
1.03863
1.0485
1.05553
1.05865
1.05767
1.05304
1.04562
1.0364
1.02641
1.01662
1.00782
1.00072
0.99587
0.993501
0.993166
0.993621
0.993193
0.990412
0.984523
0.975642
0.964756
0.953524
0.944059
0.938405
0.937794
0.942351
0.951467
0.964412
0.98054
0.999001
1.0185
1.03725
1.05313
1.06425
1.06941
1.06848
1.06245
1.05333
1.04373
1.03634
1.03291
1.03357
1.03695
1.04098
1.04399
1.04512
1.04422
1.04158
1.03793
1.0345
1.03265
1.03325
1.03642
1.04162
1.0481
1.05495
1.06101
1.06511
1.06632
1.06419
1.05881
1.0507
1.04054
1.02896
1.0164
1.00318
0.989636
0.976245
0.963624
0.952382
0.942893
0.935311
0.929879
0.92733
0.928915
0.935858
0.94833
0.964768
0.982341
0.998326
1.01139
1.02169
1.03
1.03641
1.04022
1.0408
1.03851
1.03475
1.03138
1.03014
1.03208
1.03734
1.04501
1.05343
1.06063
1.06488
1.06493
1.0602
1.05077
1.03734
1.02127
1.00444
0.989068
0.977383
0.971226
0.971658
0.978716
0.991342
1.00763
1.0253
1.04229
1.05724
1.0696
1.07944
1.08699
1.09219
1.09458
1.09355
1.0888
1.08072
1.07045
1.05977
1.05058
1.04434
1.04144
1.04115
1.04193
1.04199
1.03974
1.03407
1.02447
1.01114
0.994846
0.977022
0.959723
0.945517
0.936909
0.935343
0.940424
0.95
0.961139
0.971291
0.978881
0.983355
0.984799
0.983666
0.980589
0.976385
0.972087
0.968997
0.968492
0.971517
0.978032
0.986859
0.996052
1.00348
1.00742
1.00698
1.00229
0.994351
0.984694
0.975092
0.967285
0.962695
0.962012
0.964942
0.970412
0.97712
0.983956
0.990184
0.995292
0.998856
1.00043
0.999686
0.996785
0.99288
0.990347
0.99223
1.00061
1.01502
1.03247
1.04937
1.06326
1.07341
1.0805
1.08579
1.09054
1.09538
1.10016
1.10407
1.1061
1.10543
1.1017
1.09514
1.08654
1.07711
1.06819
1.06066
1.05474
1.0499
1.04537
1.04062
1.0356
1.03059
1.02578
1.0211
1.01641
1.0119
1.00826
1.00633
1.00665
1.00931
1.01416
1.02094
1.0293
1.0387
1.0485
1.05801
1.06668
1.07408
1.0799
1.08405
1.08655
1.08757
1.08748
1.08681
1.08606
1.08556
1.08532
1.08512
1.08465
1.08356
1.08138
1.07737
1.0705
1.05961
1.04391
1.02347
0.999495
0.974055
0.949446
0.927692
0.910466
0.898989
0.893652
0.893894
0.898646
0.907014
0.918524
0.932858
0.949197
0.965785
0.980227
0.990317
0.994911
0.99424
0.989835
0.984097
0.9796
0.978316
0.981013
0.98716
0.995309
1.00367
1.01053
1.01452
1.01486
1.01152
1.00515
0.996744
0.98722
0.977187
0.966936
0.956536
0.946035
0.935557
0.925399
0.916136
0.908588
0.90357
0.901608
0.902878
0.907398
0.915223
0.926492
0.941393
0.959937
0.981606
1.005
1.02781
1.04718
1.06054
1.06635
1.06455
1.0564
1.04404
1.02997
1.01658
1.00592
0.999693
0.99897
1.00391
1.01346
1.02553
1.03761
1.04744
1.05345
1.0548
1.05121
1.04287
1.03053
1.01573
1.00081
0.988601
0.981654
0.98144
0.987974
0.999963
1.01527
1.03146
1.04637
1.05849
1.06738
1.07378
1.07929
1.0853
1.09194
1.09779
1.10083
1.09962
1.09378
1.08399
1.0715
1.05771
1.04377
1.03051
1.01852
1.00847
1.00109
0.996943
0.996021
0.997553
1.00017
1.00226
1.00233
0.999227
0.992257
0.981304
0.967012
0.950893
0.935268
0.92267
0.914821
0.911874
0.912487
0.914814
0.917659
0.92114
0.926688
0.936239
0.950909
0.969901
0.990581
1.00964
1.0244
1.03364
1.0376
1.03765
1.03549
1.0325
1.02951
1.02687
1.02464
1.02251
1.01991
1.01615
1.0106
1.00288
0.992826
0.98056
0.966639
0.952497
0.940866
0.935388
0.939105
0.952632
0.973392
0.996771
1.01811
1.03421
1.04367
1.04645
1.04329
1.03525
1.02359
1.00967
0.995083
0.98155
0.970652
0.963388
0.959873
0.959583
0.961807
0.965849
0.970904
0.976072
0.980696
0.984632
0.988252
0.992041
0.996167
1.0004
1.0044
1.00807
1.01169
1.01584
1.02086
1.02654
1.03216
1.03694
1.04055
1.04334
1.04611
1.04956
1.05392
1.05883
1.06355
1.06745
1.0703
1.07238
1.0744
1.07711
1.0811
1.08651
1.09311
1.10039
1.10767
1.11428
1.11944
1.12233
1.12209
1.11799
1.10955
1.09676
1.08043
1.06252
1.04604
1.03429
1.02966
1.03264
1.04177
1.05423
1.06692
1.07733
1.08396
1.08635
1.08491
1.08061
1.0747
1.06837
1.06243
1.05716
1.0522
1.04672
1.03976
1.03048
1.0185
1.00396
0.987712
0.971329
0.956901
0.946584
0.94205
0.944104
0.952605
0.966632
0.984749
1.00516
1.02583
1.04469
1.05989
1.07022
1.07544
1.07647
1.07514
1.07374
1.07431
1.07813
1.08542
1.09521
1.10561
1.11428
1.119
1.1182
1.11134
1.09916
1.08348
1.0667
1.05106
1.0378
1.02689
1.0174
1.00826
0.998984
0.98992
0.981999
0.976329
0.973723
0.974372
0.977719
0.982685
0.988032
0.992659
0.995871
0.997415
0.99732
0.995704
0.992645
0.988179
0.982393
0.975694
0.968955
0.963482
0.960758
0.961999
0.967767
0.977741
0.990867
1.00572
1.02086
1.03495
1.04682
1.05552
1.06061
1.06222
1.061
1.05793
1.05398
1.04982
1.04544
1.04017
1.03302
1.02337
1.01171
0.999819
0.990567
0.986922
0.990678
1.00172
1.01831
1.03798
1.05826
1.07703
1.09246
1.10317
1.10833
1.10754
1.1009
1.08895
1.07255
1.05284
1.03132
1.00995
0.991545
0.979632
0.977374
0.985773
1.00282
1.02455
1.047
1.0673
1.08366
1.09477
1.0994
1.0965
1.0859
1.06896
1.04859
1.02824
1.01072
0.997653
0.989707
0.987001
0.989053
0.994618
1.00181
1.0086
1.01328
1.01482
1.01312
1.00912
1.00456
1.0013
1.00053
1.00218
1.00501
1.00735
1.00779
1.00569
1.00118
0.994791
0.987119
0.978394
0.968393
0.956546
0.94231
0.925538
0.906618
0.886413
0.866162
0.84747
0.832278
0.822727
0.820704
0.827303
0.842535
0.865302
0.89362
0.92485
0.95594
0.983835
1.0059
1.02023
1.02593
1.02319
1.01333
0.998668
0.98201
0.966099
0.953087
0.944367
0.940595
0.94174
0.947273
0.956331
0.967503
0.978641
0.986967
0.989755
0.985245
0.973619
0.957469
0.94118
0.92896
0.922584
0.920727
0.920655
0.92033
0.919305
0.918403
0.91896
0.922134
0.928475
0.937743
0.948899
0.960407
0.970706
0.978758
0.984282
0.987479
0.988376
0.986586
0.981935
0.975095
0.967669
0.961678
0.95886
0.96018
0.965662
0.974572
0.985799
0.99815
1.01056
1.02218
1.03247
1.04125
1.04869
1.05503
1.06031
1.06413
1.06577
1.0645
1.06005
1.05318
1.04568
1.03966
1.03629
1.03506
1.03435
1.03266
1.02925
1.02416
1.01772
1.01015
1.00144
0.991468
0.980318
0.968642
0.957924
0.950318
0.947875
0.951486
0.960307
0.972114
0.98435
0.994909
1.00245
1.00629
1.00632
1.00303
0.997502
0.991445
0.986859
0.98551
0.988382
0.995484
1.00614
1.01952
1.03491
1.05156
1.06842
1.08425
1.09803
1.10937
1.11843
1.12549
1.13037
1.13235
1.13043
1.12391
1.11276
1.0978
1.08064
1.06321
1.04735
1.03428
1.0246
1.01845
1.01584
1.01679
1.02136
1.02949
1.04072
1.05397
1.06765
1.07994
1.08931
1.09474
1.09594
1.09325
1.0875
1.0797
1.07068
1.06101
1.05094
1.04083
1.03158
1.02492
1.02292
1.02686
1.03594
1.04729
1.05728
1.06321
1.06397
1.05991
1.05205
1.04145
1.02911
1.01605
1.00362
0.993286
0.986078
0.982051
0.980259
0.979318
0.978118
0.97631
0.974373
0.973295
0.973991
0.976728
0.980953
0.985477
0.988953
0.990424
0.98966
0.987231
0.984276
0.982056
0.981645
0.983831
0.989174
0.997996
1.01021
1.02505
1.04092
1.05568
1.067
1.07297
1.07238
1.06488
1.05097
1.03197
1.00983
0.987019
0.966072
0.949095
0.937232
0.930601
0.928636
0.930624
0.936128
0.945023
0.957319
0.972915
0.991395
1.01181
1.03265
1.05213
1.06879
1.08181
1.09084
1.09562
1.09573
1.09069
1.08028
1.06508
1.04696
1.02902
1.01477
1.00681
1.00567
1.00962
1.0155
1.01991
1.02026
1.01528
1.00502
0.990442
0.972991
0.95421
0.935731
0.919404
0.907282
0.901227
0.902169
0.909673
0.922272
0.938119
0.955449
0.972658
0.988335
1.00139
1.01111
1.01722
1.01979
1.0191
1.01548
1.00917
1.00031
0.989115
0.976161
0.962734
0.950737
0.942253
0.938723
0.940488
0.946831
0.956407
0.967655
0.979003
0.989098
0.996988
1.00227
1.00508
1.00582
1.00487
1.00246
0.998926
0.99476
0.990573
0.987023
0.984662
0.983855
0.984715
0.987297
0.99188
0.998921
1.0087
1.02072
1.03375
1.04628
1.05722
1.06597
1.07242
1.07668
1.07895
1.07935
1.07787
1.07437
1.06878
1.06127
1.05244
1.0432
1.03433
1.0262
1.01872
1.01164
1.0047
0.997754
0.990947
0.984729
0.979778
0.976796
0.976274
0.978361
0.982776
0.988802
0.995385
1.00146
1.00636
1.01004
1.01304
1.01609
1.01963
1.02355
1.02728
1.03005
1.03113
1.02997
1.02643
1.02111
1.01538
1.01106
1.00964
1.01148
1.01573
1.02062
1.02421
1.0251
1.02303
1.01897
1.01482
1.01263
1.01368
1.01775
1.02327
1.02811
1.03062
1.03007
1.0265
1.02016
1.01101
0.99879
0.983538
0.966391
0.949951
0.937437
0.930999
0.930924
0.936351
0.946158
0.959125
0.973954
0.989454
1.00474
1.01922
1.0324
1.04383
1.0532
1.0604
1.06543
1.06825
1.06861
1.06619
1.06079
1.05259
1.04226
1.03101
1.02036
1.01197
1.00727
1.00725
1.01204
1.0209
1.03245
1.04505
1.05713
1.06734
1.07465
1.07843
1.07858
1.07556
1.07038
1.06428
1.05845
1.05363
1.05011
1.04773
1.04594
1.04395
1.04106
1.03687
1.0315
1.02517
1.01782
1.00893
0.997985
0.985284
0.972277
0.961403
0.95562
0.95753
0.96845
0.987816
1.01328
1.04137
1.06848
1.09151
1.10835
1.11793
1.12011
1.11535
1.10444
1.08839
1.06848
1.04622
1.02325
1.00102
0.980615
0.96271
0.94783
0.93651
0.929169
0.925848
0.926129
0.929447
0.935701
0.945545
0.960061
0.979854
1.00434
1.03166
1.05932
1.08482
1.10613
1.12172
1.13071
1.1328
1.12837
1.11841
1.10421
1.08717
1.06846
1.04921
1.03064
1.01434
1.00201
0.994803
0.992574
0.993728
0.995946
0.997243
0.996728
0.994644
0.992
0.990054
0.989907
0.992225
0.997137
1.00423
1.01257
1.02075
1.02714
1.03019
1.02884
1.0229
1.01334
1.00215
0.991805
0.98422
0.979907
0.978279
0.978602
0.980525
0.983613
0.986747
0.988261
0.986786
0.981934
0.97448
0.966069
0.958564
0.953302
0.95052
0.949544
0.949439
0.94947
0.9492
0.948451
0.947259
0.945752
0.944012
0.942012
0.939697
0.937035
0.934002
0.930455
0.926045
0.920414
0.913454
0.905579
0.897888
0.891976
0.889537
0.891919
0.899785
0.912911
0.930227
0.950079
0.970631
0.99023
1.0077
1.02244
1.03432
1.04352
1.05019
1.05436
1.056
1.05531
1.05268
1.04877
1.04424
1.03975
1.03567
1.03201
1.02844
1.02473
1.02123
1.01887
1.01865
1.02084
1.02485
1.02987
1.03542
1.04132
1.04712
1.05193
1.05489
1.05561
1.05429
1.05174
1.04888
1.04642
1.04455
1.0433
1.04271
1.04275
1.04303
1.04284
1.04126
1.03743
1.03088
1.02165
1.01043
0.998317
0.986609
0.976482
0.968819
0.964141
0.962611
0.964118
0.96851
0.975684
0.985652
0.99829
1.01303
1.02873
1.04377
1.05645
1.0655
1.07039
1.07143
1.06955
1.06604
1.06225
1.05933
1.05805
1.05881
1.06145
1.06532
1.06945
1.07308
1.07613
1.07922
1.08316
1.08825
1.09398
1.09926
1.10288
1.10372
1.10087
1.09376
1.08235
1.06747
1.05088
1.03477
1.02132
1.01216
1.00826
1.00949
1.01427
1.01993
1.02396
1.02526
1.02456
1.02394
1.02549
1.02999
1.03657
1.04341
1.0487
1.05113
1.04995
1.04485
1.03595
1.0239
1.00999
0.996276
0.985217
0.978777
0.977502
0.980308
0.985152
0.989932
0.993045
0.993556
0.991229
0.986606
0.980975
0.976086
0.973592
0.974392
0.978401
0.984674
0.991834
0.998701
1.00473
1.0101
1.01544
1.02144
1.0286
1.03705
1.04653
1.05638
1.06567
1.07321
1.07776
1.07837
1.07464
1.06697
1.05643
1.04437
1.03212
1.0207
1.01106
1.00425
1.00129
1.00284
1.00863
1.01731
1.02669
1.03467
1.04008
1.04321
1.04562
1.04949
1.05658
1.06761
1.08196
1.09781
1.11263
1.1238
1.12927
1.12788
1.1195
1.10511
1.08681
1.06754
1.05031
1.03747
1.03019
1.02859
1.03205
1.03963
1.05017
1.06225
1.07419
1.08421
1.0908
1.09322
1.09184
1.0882
1.08433
1.08152
1.07939
1.07613
1.06968
1.05886
1.04372
1.02544
1.00584
0.986867
0.970091
0.956522
0.946739
0.941157
0.940294
0.944738
0.95487
0.970444
0.990258
1.01223
1.0339
1.05302
1.06781
1.07702
1.07984
1.07592
1.06548
1.04969
1.03081
1.01198
0.996294
0.985481
0.979422
0.976868
0.976507
0.977354
0.978495
0.978792
0.97708
0.97275
0.966205
0.958734
0.951801
0.946482
0.94352
0.943607
0.947197
0.95395
0.96263
0.971694
0.979977
0.986924
0.992523
0.997261
1.00206
1.0082
1.01675
1.02818
1.04206
1.05732
1.07256
1.08627
1.09702
1.10359
1.10523
1.10198
1.09478
1.08537
1.07585
1.06833
1.06434
1.06442
1.06785
1.07272
1.07639
1.07618
1.07
1.05676
1.03658
1.01087
0.982386
0.954947
0.932486
0.917905
0.912473
0.915926
0.926937
0.943514
0.963189
0.983255
1.00112
1.01477
1.02318
1.02646
1.02565
1.02228
1.01785
1.01341
1.00933
1.00538
1.001
0.995649
0.989136
0.981817
0.974603
0.968782
0.965596
0.965724
0.968898
0.973971
0.979383
0.983887
0.986996
0.988959
0.990447
0.992063
0.993963
0.995762
0.996833
0.996894
0.996574
0.997386
1.00098
1.00806
1.01779
1.02818
1.03699
1.0425
1.04394
1.04153
1.03643
1.03044
1.02569
1.02402
1.02657
1.03343
1.04358
1.05531
1.06666
1.076
1.08243
1.08587
1.08682
1.08595
1.08363
1.07997
1.07509
1.06939
1.06358
1.05833
1.05383
1.04953
1.04433
1.03739
1.02915
1.02164
1.01751
1.01816
1.02278
1.02916
1.03507
1.03923
1.04115
1.0409
1.03881
1.03537
1.03132
1.0279
1.02681
1.02968
1.03734
1.04917
1.06315
1.07663
1.08722
1.09347
1.09506
1.09268
1.08776
1.08205
1.07706
1.07349
1.07099
1.06832
1.06389
1.05612
1.04398
1.02743
1.00782
0.987893
0.970949
0.959777
0.955621
0.95788
0.964594
0.973338
0.982078
0.989649
0.995775
1.00092
1.00583
1.01111
1.01691
1.02303
1.02926
1.03572
1.04289
1.05121
1.0606
1.07019
1.07837
1.08312
1.0827
1.07642
1.06538
1.05235
1.04045
1.03143
1.02519
1.02067
1.01714
1.01467
1.01401
1.01603
1.02144
1.03047
1.04283
1.05767
1.07356
1.08873
1.10145
1.11039
1.11491
1.11497
1.11112
1.10404
1.09432
1.08228
1.06805
1.05187
1.03428
1.01622
0.998944
0.983693
0.971421
0.962643
0.957434
0.955556
0.956649
0.960462
0.96683
0.975612
0.986469
0.998728
1.01152
1.02407
1.0358
1.04616
1.05446
1.05998
1.06229
1.06142
1.05781
1.05222
1.04561
1.03906
1.03361
1.02997
1.0283
1.02817
1.02877
1.02937
1.02966
1.02988
1.03054
1.0319
1.03376
1.0356
1.03687
1.03735
1.03708
1.03613
1.03436
1.03131
1.02647
1.01993
1.01301
1.00803
1.00726
1.01158
1.01979
1.02946
1.03806
1.04398
1.04668
1.04649
1.0442
1.04102
1.0384
1.03744
1.03827
1.03984
1.04057
1.09809
1.09309
1.08593
1.07799
1.07044
1.06369
1.05717
1.04968
1.04028
1.02943
1.01948
1.01356
1.01364
1.01908
1.02729
1.03545
1.04185
1.04601
1.04836
1.04961
1.05046
1.05132
1.0523
1.05326
1.05394
1.05427
1.05458
1.05566
1.05853
1.06378
1.07105
1.07888
1.085
1.08708
1.08336
1.07315
1.05702
1.03671
1.0149
0.994996
0.980568
0.974419
0.977535
0.988689
1.00502
1.02318
1.04033
1.05488
1.06662
1.07627
1.08453
1.09135
1.09594
1.09753
1.09611
1.09256
1.08816
1.08394
1.08032
1.07704
1.07335
1.06838
1.06151
1.05276
1.04319
1.03502
1.03079
1.03193
1.03781
1.04606
1.05361
1.05788
1.05761
1.05314
1.04613
1.03905
1.03464
1.03523
1.04211
1.05497
1.07198
1.09031
1.10712
1.12035
1.12916
1.13371
1.13476
1.13297
1.12865
1.12187
1.11303
1.10333
1.09446
1.08752
1.08204
1.0765
1.06987
1.06234
1.05482
1.04803
1.04239
1.03857
1.03772
1.0408
1.04758
1.0561
1.06343
1.06701
1.06545
1.05869
1.04774
1.03418
1.01965
1.00559
0.992667
0.980574
0.96828
0.954945
0.941147
0.929432
0.923607
0.927012
0.940789
0.963338
0.991165
1.02028
1.04728
1.06988
1.08702
1.09862
1.10533
1.10806
1.10767
1.10456
1.09866
1.08977
1.07795
1.06375
1.04804
1.03169
1.01544
1.00002
0.985992
0.973725
0.96353
0.956203
0.953351
0.956956
0.967989
0.985402
1.00637
1.02752
1.04596
1.05973
1.06786
1.07025
1.06757
1.06093
1.05145
1.04005
1.02757
1.01541
1.00582
1.00119
1.00272
1.00961
1.01947
1.02938
1.03686
1.04036
1.03933
1.03402
1.02541
1.01487
1.00404
0.994456
0.987224
0.982558
0.979634
0.976897
0.97281
0.966623
0.958887
0.951458
0.946952
0.947719
0.954859
0.967932
0.985378
1.00517
1.0254
1.04449
1.06131
1.07521
1.08604
1.09403
1.0997
1.1036
1.10609
1.10719
1.10671
1.10449
1.10061
1.0955
1.08998
1.08502
1.08149
1.07989
1.08017
1.08181
1.08388
1.0854
1.08549
1.08369
1.08007
1.07533
1.0706
1.067
1.06512
1.06469
1.06476
1.06426
1.06236
1.05866
1.05303
1.0456
1.03693
1.02821
1.02128
1.01828
1.02097
1.03017
1.04539
1.06483
1.08597
1.10615
1.12316
1.13545
1.14216
1.143
1.13836
1.12926
1.1174
1.10509
1.095
1.08922
1.08809
1.08968
1.09074
1.08835
1.08092
1.06834
1.05161
1.03236
1.01242
0.993515
0.977221
0.964845
0.957287
0.954868
0.957276
0.963617
0.972592
0.982681
0.992302
1.00005
1.00495
1.00665
1.00541
1.00203
0.997633
0.993429
0.990272
0.988446
0.987891
0.988623
0.990854
0.994735
1.00004
1.00615
1.01245
1.01857
1.02447
1.03037
1.03655
1.04321
1.05039
1.05789
1.06538
1.07232
1.07822
1.0827
1.08555
1.08671
1.08613
1.0837
1.07934
1.07304
1.06515
1.0563
1.04731
1.0389
1.03169
1.02641
1.02387
1.02441
1.02732
1.03104
1.03401
1.03529
1.03449
1.03155
1.02667
1.02068
1.01521
1.01209
1.01232
1.01581
1.02185
1.02972
1.03875
1.04815
1.0571
1.06479
1.07066
1.07455
1.07687
1.07857
1.0809
1.08489
1.0908
1.09793
1.10499
1.1109
1.11539
1.1189
1.12207
1.12499
1.12711
1.12773
1.12695
1.12613
1.12717
1.13077
1.1355
1.13861
1.1376
1.13098
1.11835
1.10025
1.0781
1.05409
1.03077
1.01047
0.994749
0.984175
0.978413
0.976485
0.977072
0.978948
0.981382
0.984391
0.98858
0.994471
1.00158
1.00827
1.01281
1.01472
1.01537
1.01735
1.02291
1.03269
1.04526
1.05783
1.06758
1.07267
1.07282
1.06907
1.06334
1.05762
1.05331
1.05093
1.05035
1.05111
1.05265
1.05431
1.05522
1.05442
1.05124
1.04578
1.03897
1.0323
1.02712
1.0242
1.02374
1.02564
1.02961
1.03508
1.04125
1.04736
1.05292
1.05759
1.06097
1.0624
1.06097
1.05575
1.04616
1.03219
1.01443
0.994113
0.972923
0.952869
0.936222
0.925364
0.922089
0.926515
0.936815
0.95046
0.965531
0.980792
0.994979
1.0064
1.01321
1.01396
1.00808
0.996108
0.979642
0.961097
0.943158
0.928154
0.917571
0.912101
0.91182
0.916354
0.92478
0.935609
0.946946
0.956801
0.963519
0.966525
0.967026
0.968238
0.974235
0.987732
1.00849
1.03364
1.05924
1.08179
1.09905
1.1101
1.11501
1.11433
1.10873
1.09898
1.08589
1.07032
1.05313
1.03539
1.01857
1.00459
0.995548
0.993052
0.99775
1.00922
1.02614
1.04665
1.06867
1.09013
1.10928
1.12472
1.13554
1.14118
1.14138
1.13605
1.12534
1.10982
1.09101
1.07153
1.05436
1.04131
1.03222
1.026
1.02216
1.02135
1.02446
1.03137
1.04045
1.04928
1.05569
1.05875
1.05903
1.05818
1.05793
1.05918
1.06152
1.06352
1.0635
1.06029
1.05369
1.04452
1.03444
1.02559
1.02012
1.0197
1.02503
1.03537
1.0486
1.06163
1.07133
1.07547
1.0734
1.06601
1.05497
1.04196
1.02836
1.01528
1.00371
0.994459
0.988356
0.986203
0.988405
0.994354
1.00217
1.00919
1.01286
1.01153
1.00482
0.993568
0.979617
0.965377
0.953279
0.945053
0.941239
0.941117
0.943291
0.946497
0.950037
0.953613
0.957053
0.960217
0.963066
0.965607
0.967791
0.969541
0.970937
0.972372
0.974329
0.977061
0.980239
0.982974
0.984114
0.982673
0.97812
0.970453
0.960265
0.948701
0.937346
0.927972
0.92205
0.920357
0.922913
0.929294
0.939054
0.951888
0.967304
0.984283
1.00144
1.01778
1.03328
1.04874
1.06496
1.08206
1.09934
1.11567
1.12989
1.14107
1.14848
1.15124
1.14826
1.13845
1.12137
1.09799
1.07125
1.04576
1.02638
1.01628
1.01601
1.02407
1.0382
1.05613
1.07558
1.09414
1.10935
1.11902
1.12169
1.11693
1.10547
1.08897
1.06964
1.04974
1.03125
1.01581
1.00486
0.999737
1.00146
1.0103
1.02531
1.04426
1.06408
1.0816
1.09434
1.1009
1.10094
1.09499
1.08422
1.07019
1.05492
1.04097
1.0312
1.02806
1.03216
1.04149
1.05202
1.05955
1.06124
1.05603
1.04419
1.02685
1.0058
0.983523
0.963022
0.947361
0.939159
0.940078
0.950098
0.967038
0.986876
1.005
1.01768
1.02312
1.02159
1.0147
1.00447
0.992726
0.980927
0.970467
0.963109
0.960842
0.964969
0.975106
0.989167
1.00432
1.01787
1.0276
1.03219
1.03164
1.02732
1.02138
1.01585
1.01204
1.01036
1.01036
1.01102
1.01122
1.0103
1.00833
1.00599
1.00417
1.00367
1.00479
1.00719
1.00985
1.01159
1.01171
1.01085
1.01132
1.01611
1.02679
1.04213
1.05889
1.07358
1.08347
1.08696
1.08343
1.07316
1.05723
1.03745
1.01628
0.996579
0.981231
0.972553
0.971667
0.978134
0.989991
1.00432
1.01812
1.02917
1.03646
1.0402
1.04144
1.04143
1.0409
1.03991
1.03805
1.03505
1.0312
1.02737
1.0247
1.02444
1.02782
1.03576
1.04826
1.06391
1.08026
1.09449
1.1041
1.10771
1.10575
1.10048
1.09457
1.08969
1.08677
1.0864
1.08798
1.0901
1.09227
1.09571
1.10218
1.11241
1.1254
1.13916
1.15164
1.16143
1.16787
1.17089
1.17069
1.16768
1.16244
1.15569
1.14826
1.14084
1.13373
1.12672
1.11911
1.10997
1.09855
1.08472
1.06918
1.05333
1.03851
1.02516
1.01279
1.00077
0.989245
0.979611
0.97415
0.975173
0.983994
1.00016
1.02139
1.04434
1.06564
1.08298
1.09547
1.10334
1.10729
1.10775
1.10451
1.09676
1.08389
1.06652
1.04742
1.03125
1.02289
1.02517
1.03781
1.05796
1.08171
1.10537
1.12611
1.14207
1.1523
1.15656
1.15514
1.14843
1.13661
1.11961
1.09753
1.07128
1.043
1.01564
0.991948
0.973756
0.961557
0.95464
0.951868
0.952897
0.958582
0.970081
0.987471
1.00917
1.03258
1.05517
1.0749
1.09034
1.10057
1.10535
1.10517
1.1011
1.09448
1.08656
1.07825
1.06983
1.0611
1.05175
1.04175
1.0314
1.02103
1.0107
1.00036
0.990233
0.981315
0.975208
0.973338
0.97621
0.983176
0.992724
1.0029
1.01165
1.01712
1.018
1.0139
1.00563
0.995022
0.98449
0.97615
0.971048
0.968993
0.969036
0.970167
0.971776
0.973588
0.975295
0.976372
0.976263
0.974798
0.972486
0.970417
0.96984
0.971474
0.975126
0.979741
0.983947
0.986671
0.987435
0.98644
0.984374
0.982137
0.980577
0.98018
0.980947
0.982471
0.984219
0.985703
0.986478
0.986083
0.984145
0.98057
0.975728
0.970481
0.966024
0.963505
0.963576
0.966212
0.970757
0.976158
0.981351
0.985571
0.988555
0.990527
0.992039
0.993788
0.996358
1.00006
1.00482
1.01033
1.01617
1.02207
1.02795
1.034
1.04058
1.04802
1.05633
1.06491
1.07261
1.07802
1.07997
1.07797
1.07243
1.06461
1.05627
1.0492
1.04464
1.04309
1.04432
1.04763
1.05203
1.05637
1.0597
1.06165
1.06271
1.06392
1.06629
1.07012
1.07486
1.07938
1.08244
1.08304
1.08072
1.07564
1.06862
1.06094
1.05397
1.04855
1.0447
1.04181
1.03929
1.03691
1.0348
1.03309
1.03168
1.03036
1.02904
1.02793
1.02736
1.02753
1.02844
1.02996
1.03212
1.03524
1.03973
1.04583
1.05332
1.06148
1.06912
1.07503
1.0781
1.07759
1.073
1.06404
1.0507
1.03369
1.01507
0.99864
0.988895
0.988327
0.995555
1.00639
1.01656
1.02344
1.02628
1.0259
1.02426
1.02384
1.0267
1.03364
1.04388
1.05537
1.0656
1.07249
1.07505
1.07355
1.06934
1.06415
1.05938
1.05569
1.05329
1.05251
1.05381
1.05719
1.06191
1.0669
1.07132
1.07478
1.0771
1.07815
1.07787
1.07653
1.07503
1.0749
1.07748
1.08274
1.08886
1.09318
1.09354
1.08907
1.08011
1.06798
1.05482
1.04333
1.0361
1.03453
1.03798
1.04398
1.04957
1.05291
1.05389
1.0539
1.05497
1.05881
1.06622
1.07686
1.08917
1.10077
1.10912
1.11224
1.10925
1.10043
1.08711
1.07146
1.05641
1.04527
1.04092
1.04455
1.05476
1.06814
1.0808
1.0899
1.09414
1.09372
1.08984
1.08417
1.07826
1.07336
1.07036
1.07001
1.07298
1.07971
1.09009
1.10326
1.11767
1.13133
1.14245
1.14987
1.15323
1.15284
1.14932
1.1432
1.1347
1.12379
1.11044
1.095
1.07847
1.06242
1.04844
1.03729
1.02846
1.02096
1.01458
1.01035
1.00951
1.0121
1.0168
1.02184
1.02595
1.0288
1.03077
1.03246
1.03422
1.03595
1.03724
1.03768
1.03711
1.03567
1.03377
1.03188
1.03049
1.02998
1.03056
1.03232
1.03512
1.0384
1.04118
1.04234
1.04125
1.03832
1.03506
1.03325
1.03365
1.03556
1.03747
1.03831
1.03803
1.03749
1.03767
1.03912
1.04156
1.04416
1.04597
1.0462
1.04434
1.04034
1.0345
1.02727
1.01911
1.01039
1.00141
0.992342
0.983283
0.974564
0.966999
0.961787
0.960204
0.963417
0.972233
0.986677
1.00573
1.02755
1.05
1.07112
1.08936
1.10372
1.11376
1.11954
1.12126
1.11907
1.11312
1.1038
1.09187
1.0784
1.06451
1.05123
1.03939
1.02963
1.02245
1.01824
1.01737
1.01999
1.0259
1.03444
1.04461
1.05528
1.06563
1.07543
1.08508
1.09532
1.10681
1.11967
1.13328
1.14643
1.15747
1.1646
1.16615
1.16112
1.14983
1.13434
1.11805
1.10423
1.09464
1.08934
1.08745
1.08787
1.08973
1.09246
1.0958
1.09959
1.10348
1.10668
1.10801
1.10628
1.10086
1.09214
1.08159
1.07135
1.06337
1.05861
1.05689
1.05748
1.05973
1.06335
1.06804
1.07326
1.07807
1.08145
1.0826
1.08117
1.07728
1.07132
1.06385
1.05548
1.04682
1.03856
1.03147
1.02648
1.02436
1.02544
1.0294
1.03541
1.04243
1.04968
1.05674
1.06348
1.06983
1.07565
1.08042
1.08322
1.08282
1.07806
1.0682
1.05326
1.03422
1.01299
0.992042
0.97386
0.960242
0.951991
0.94892
0.950209
0.954804
0.961696
0.970011
0.979047
0.988245
0.997227
1.00575
1.01373
1.0213
1.02869
1.03589
1.04233
1.04696
1.04898
1.04863
1.04723
1.04607
1.04518
1.04321
1.03866
1.03117
1.02194
1.01314
1.0069
1.00453
1.00621
1.01117
1.01806
1.02532
1.03152
1.03569
1.03746
1.03704
1.03503
1.03218
1.02914
1.02636
1.02411
1.0226
1.02206
1.02285
1.02548
1.03049
1.03821
1.04841
1.06028
1.0725
1.08365
1.09246
1.0981
1.10024
1.09896
1.09464
1.08792
1.07958
1.07042
1.06102
1.05166
1.04251
1.03374
1.02562
1.0182
1.01122
1.0041
0.996284
0.987778
0.979515
0.97339
0.971578
0.975344
0.984163
0.995963
1.00814
1.01856
1.02581
1.02914
1.0283
1.02368
1.01641
1.00802
0.999922
0.99301
0.987624
0.983846
0.981869
0.982078
0.984865
0.990248
0.997624
1.00587
1.01355
1.01936
1.02231
1.02198
1.01849
1.01252
1.00509
0.997331
0.990352
0.98519
0.982717
0.983541
0.987969
0.996166
1.00817
1.0236
1.04123
1.05881
1.07368
1.08363
1.08776
1.08657
1.08177
1.0755
1.06953
1.06477
1.06144
1.05975
1.06022
1.06363
1.07055
1.08073
1.09293
1.1051
1.11498
1.12079
1.12167
1.11769
1.10971
1.09898
1.08691
1.07483
1.06398
1.05532
1.04936
1.04619
1.04576
1.04793
1.05234
1.0582
1.06438
1.06976
1.07347
1.07496
1.07388
1.07005
1.06333
1.05373
1.04143
1.02685
1.01057
0.99339
0.97645
0.961295
0.949743
0.943286
0.942258
0.945374
0.950115
0.953994
0.955916
0.956746
0.958677
0.963637
0.971944
0.982208
0.992186
0.999778
1.00362
1.0034
0.999946
0.995102
0.991306
0.990679
0.994135
1.00122
1.01075
1.02175
1.03389
1.04703
1.0605
1.07271
1.08155
1.08526
1.08297
1.07498
1.06256
1.04747
1.03142
1.01583
1.00229
0.992856
0.9895
0.992524
0.999991
1.00909
1.01797
1.0263
1.03483
1.04477
1.0572
1.07245
1.08967
1.10707
1.12273
1.13532
1.14434
1.14994
1.15254
1.15255
1.15001
1.14453
1.13527
1.12127
1.10218
1.079
1.05471
1.03343
1.01835
1.01029
1.0081
1.01023
1.01562
1.0237
1.03388
1.04514
1.05605
1.06498
1.07063
1.07257
1.07142
1.06857
1.06547
1.0631
1.06196
1.062
1.06274
1.06337
1.06315
1.06176
1.05937
1.05648
1.05369
1.05146
1.05015
1.05007
1.05166
1.05542
1.0617
1.07043
1.0809
1.09173
1.10134
1.10835
1.11205
1.11247
1.11019
1.10619
1.10152
1.09708
1.09334
1.09025
1.08728
1.08361
1.07852
1.07167
1.06343
1.05484
1.04724
1.04159
1.03824
1.03696
1.03744
1.0393
1.04217
1.04565
1.04917
1.05205
1.05361
1.05358
1.05256
1.05203
1.05371
1.05842
1.06538
1.07247
1.07713
1.07703
1.07051
1.05714
1.03854
1.01854
1.00164
0.989947
0.982082
0.975604
0.969708
0.965542
0.964847
0.968689
0.976896
0.988257
1.00099
1.01337
1.02423
1.0332
1.04064
1.0474
1.05418
1.06099
1.06701
1.07107
1.07214
1.06979
1.0643
1.05686
1.04945
1.0444
1.04356
1.0474
1.05471
1.06304
1.06961
1.07239
1.07057
1.06465
1.05596
1.04622
1.03702
1.02948
1.02414
1.02102
1.01994
1.02073
1.02331
1.0275
1.03286
1.03876
1.04471
1.05085
1.05798
1.06714
1.07877
1.092
1.10466
1.11418
1.11855
1.11691
1.10972
1.09861
1.08614
1.07518
1.06793
1.06495
1.06513
1.0667
1.06837
1.06985
1.07162
1.07429
1.07801
1.08222
1.08597
1.08832
1.0887
1.08698
1.08338
1.07837
1.07264
1.06705
1.06247
1.05963
1.05903
1.06084
1.06488
1.07052
1.07682
1.08255
1.08659
1.08815
1.08687
1.08266
1.07567
1.06621
1.05483
1.04236
1.02968
1.01749
1.00613
0.995655
0.986121
0.977947
0.971908
0.968711
0.968457
0.97031
0.973008
0.975754
0.978713
0.982731
0.988549
0.996101
1.0043
1.01149
1.01626
1.01808
1.01748
1.01584
1.01479
1.01553
1.01855
1.02372
1.0306
1.03875
1.04771
1.05697
1.06591
1.07383
1.08006
1.0841
1.08574
1.08519
1.08313
1.08051
1.07806
1.07596
1.07371
1.07045
1.06547
1.05855
1.04996
1.04028
1.03014
1.01997
1.00997
1.00018
0.990919
0.983124
0.978368
0.978197
0.983097
0.991989
1.00256
1.0122
1.01879
1.02116
1.01902
1.01311
1.00532
0.998244
0.99386
0.992024
0.990646
0.987396
0.981308
0.97324
0.965589
0.961456
0.963212
0.971294
0.984286
1.00004
1.01667
1.03273
1.04679
1.0574
1.06332
1.06385
1.05894
1.04915
1.03567
1.02036
1.0058
0.995141
0.991309
0.995563
1.00634
1.01953
1.03028
1.03513
1.03319
1.02616
1.01747
1.01067
1.008
1.00988
1.01546
1.02361
1.03344
1.04432
1.05576
1.06741
1.07904
1.09041
1.10122
1.11117
1.11998
1.12733
1.13275
1.13566
1.13548
1.13172
1.12411
1.11283
1.09873
1.08341
1.06925
1.05876
1.05356
1.05361
1.05712
1.0617
1.06548
1.06779
1.06891
1.0696
1.0705
1.07185
1.07342
1.07481
1.07575
1.07628
1.07669
1.07724
1.07791
1.0785
1.07873
1.07849
1.07798
1.07798
1.07968
1.08422
1.0923
1.1042
1.1196
1.13659
1.15169
1.16154
1.1646
1.16146
1.15399
1.14436
1.1343
1.12467
1.11554
1.10659
1.09753
1.08843
1.07969
1.07187
1.06551
1.06089
1.05785
1.05583
1.05405
1.05181
1.04865
1.04441
1.03928
1.03374
1.02842
1.02379
1.02025
1.0182
1.01819
1.02063
1.02557
1.03265
1.04103
1.04945
1.05635
1.06032
1.06066
1.05771
1.05251
1.04615
1.03948
1.03312
1.02745
1.02249
1.01791
1.01336
1.00897
1.00539
1.00333
1.00301
1.00412
1.00634
1.00972
1.01464
1.02137
1.02962
1.0383
1.04569
1.05006
1.05015
1.04559
1.03696
1.02575
1.01398
1.00387
0.997387
0.995961
1.0003
1.01036
1.02542
1.04414
1.06461
1.08464
1.10208
1.11522
1.12294
1.12488
1.12147
1.11389
1.10369
1.09258
1.0821
1.07362
1.06839
1.06765
1.07234
1.08258
1.09709
1.11328
1.12794
1.13821
1.1424
1.14034
1.13343
1.12427
1.11602
1.11123
1.11083
1.11383
1.11809
1.12166
1.12358
1.12383
1.12295
1.12132
1.11877
1.11443
1.10688
1.09494
1.07867
1.06037
1.04431
1.03471
1.03314
1.03811
1.04671
1.05627
1.06491
1.0714
1.07533
1.07715
1.07821
1.08015
1.08395
1.08947
1.09572
1.10144
1.10554
1.10729
1.10635
1.10282
1.09706
1.08979
1.08182
1.07381
1.06604
1.05843
1.05068
1.04237
1.03323
1.02348
1.01418
1.00713
1.00411
1.00588
1.01159
1.01924
1.0267
1.03221
1.03456
1.03323
1.02872
1.02283
1.01832
1.018
1.02363
1.0354
1.05216
1.07214
1.09367
1.11543
1.13616
1.1541
1.1667
1.17125
1.16581
1.1498
1.12414
1.091
1.05338
1.01449
0.977458
0.945664
0.92295
0.912912
0.917089
0.933664
0.958041
0.984819
1.00957
1.02975
1.04475
1.05554
1.06401
1.07207
1.08083
1.09012
1.09881
1.10548
1.10928
1.11024
1.10913
1.10682
1.10377
1.09966
1.09363
1.08466
1.07197
1.05529
1.03499
1.01199
0.98773
0.96397
0.942692
0.925766
0.914423
0.908884
0.908381
0.911652
0.917541
0.925366
0.934827
0.945619
0.957059
0.968079
0.97781
0.986299
0.99485
1.0055
1.0199
1.03816
1.0584
1.07726
1.09117
1.0977
1.09649
1.08953
1.08047
1.07303
1.0693
1.06903
1.07031
1.07097
1.06972
1.06664
1.06299
1.06049
1.06039
1.06272
1.06624
1.06891
1.06869
1.06414
1.05477
1.04112
1.02453
1.00664
0.988953
0.972396
0.957464
0.944619
0.934792
0.929352
0.929452
0.935084
0.944718
0.955853
0.965994
0.973409
0.977432
0.978364
0.977143
0.974926
0.972659
0.970844
0.969568
0.968722
0.96826
0.968256
0.968782
0.969827
0.971188
0.972506
0.973481
0.974137
0.974937
0.976687
0.980111
0.98528
0.991342
0.996986
1.00118
1.00362
1.00465
1.00487
1.00478
1.00444
1.00345
1.00117
0.997067
0.991178
0.98411
0.976782
0.969936
0.963762
0.957875
0.951746
0.945357
0.939699
0.936533
0.937562
0.943412
0.953199
0.964874
0.976008
0.984535
0.98915
0.989333
0.985227
0.977444
0.967054
0.955569
0.944723
0.936032
0.930404
0.928094
0.929046
0.933355
0.941449
0.953838
0.970464
0.990177
1.01084
1.03014
1.0465
1.05941
1.06914
1.07629
1.08132
1.08451
1.08609
1.08653
1.08657
1.08704
1.08848
1.09069
1.09266
1.09301
1.09059
1.08489
1.07602
1.06446
1.05075
1.0357
1.02086
1.0089
1.0032
1.00626
1.01811
1.03606
1.05609
1.07437
1.08813
1.09589
1.09743
1.09342
1.08503
1.07346
1.05981
1.04538
1.03229
1.02349
1.02149
1.02665
1.0368
1.04878
1.06001
1.06898
1.07513
1.07868
1.08077
1.08307
1.08688
1.09203
1.09694
1.09957
1.09848
1.09334
1.0848
1.07407
1.06248
1.05115
1.04096
1.03266
1.02685
1.02369
1.02286
1.02395
1.02701
1.03257
1.04078
1.05079
1.06099
1.07029
1.07887
1.08777
1.09758
1.10768
1.11651
1.1226
1.12537
1.12532
1.12371
1.12219
1.12212
1.1241
1.12766
1.13153
1.13421
1.13448
1.13151
1.12482
1.11432
1.10035
1.08391
1.06657
1.05012
1.03612
1.02537
1.01768
1.01215
1.00754
1.00281
0.997565
0.992389
0.988855
0.989054
0.994565
1.00526
1.01917
1.03356
1.04655
1.05772
1.06751
1.07617
1.08323
1.08769
1.0885
1.08501
1.07727
1.06612
1.05314
1.04046
1.03056
1.02578
1.02758
1.0358
1.04862
1.06305
1.07588
1.08463
1.08807
1.08636
1.08087
1.07385
1.06786
1.06489
1.06573
1.06974
1.07537
1.08089
1.08503
1.08729
1.08795
1.08756
1.0864
1.08416
1.08016
1.07387
1.06515
1.05412
1.0411
1.02667
1.01176
0.997642
0.98581
0.977618
0.973931
0.974948
0.980321
0.98946
1.0018
1.01679
1.03353
1.05047
1.0655
1.07633
1.08115
1.07914
1.07064
1.05703
1.04038
1.02315
1.00762
0.995286
0.986305
0.979776
0.974481
0.969755
0.965902
0.964138
0.966032
0.972783
0.984675
1.00092
1.01993
1.0397
1.05856
1.07552
1.09054
1.10404
1.11624
1.1267
1.13439
1.13814
1.1372
1.13151
1.12184
1.10986
1.09788
1.08831
1.08299
1.08267
1.08681
1.09385
1.10172
1.10839
1.11219
1.11206
1.10765
1.09928
1.08759
1.07329
1.05692
1.03896
1.02016
1.00198
0.986635
0.976729
0.974461
0.980666
0.994248
1.01239
1.03145
1.04811
1.06054
1.06888
1.07492
1.08061
1.08661
1.09211
1.09578
1.09681
1.09514
1.09134
1.08635
1.08124
1.07708
1.07486
1.07531
1.07872
1.08478
1.09271
1.10149
1.11013
1.11772
1.12352
1.12708
1.12854
1.12869
1.12877
1.12998
1.13282
1.13684
1.14068
1.14243
1.14025
1.13288
1.12028
1.10425
1.08852
1.07737
1.07305
1.07442
1.07811
1.08072
1.08018
1.07591
1.06879
1.06085
1.05466
1.0523
1.05441
1.06009
1.06767
1.0758
1.08397
1.0923
1.10067
1.10818
1.11327
1.11452
1.1112
1.10348
1.09228
1.07912
1.06585
1.05425
1.04552
1.03999
1.03732
1.03698
1.03873
1.04262
1.04871
1.0567
1.06579
1.07477
1.08224
1.08696
1.08821
1.08615
1.08182
1.07681
1.07284
1.07121
1.07247
1.07646
1.08242
1.08925
1.09579
1.10115
1.10495
1.10723
1.10817
1.10782
1.10599
1.10252
1.09747
1.09115
1.08398
1.07623
1.06785
1.05865
1.04857
1.03793
1.02745
1.01789
1.0098
1.00327
0.99814
0.994199
0.991483
0.990283
0.991041
0.99424
1.00026
1.00919
1.02068
1.03398
1.04809
1.06215
1.07564
1.08836
1.10036
1.11166
1.12226
1.13194
1.14046
1.14759
1.15317
1.15705
1.15892
1.1583
1.15456
1.14723
1.13632
1.12255
1.10716
1.09154
1.07677
1.06342
1.05199
1.04325
1.03824
1.03786
1.04213
1.04958
1.05738
1.06229
1.06208
1.05644
1.04711
1.03736
1.03099
1.03115
1.03916
1.05385
1.07206
1.08988
1.10392
1.11187
1.11269
1.10657
1.09493
1.08014
1.06487
1.05115
1.03972
1.03023
1.02203
1.01477
1.00833
1.00248
0.99668
0.990305
0.98326
0.976559
0.972708
0.975025
0.98582
1.0047
1.02872
1.05411
1.07768
1.09736
1.11202
1.12133
1.12565
1.12603
1.12391
1.12096
1.11882
1.11865
1.1206
1.12354
1.12564
1.12542
1.12235
1.11649
1.10799
1.09706
1.08438
1.07151
1.06036
1.05209
