         200   0.0128248           0           0
         200   0.0384745           0           0
         200   0.0641241           0           0
         200   0.0897737           0           0
         200    0.115423           0           0
         200    0.141073           0           0
         200    0.166723           0           0
         200    0.192372           0           0
         200    0.218022           0           0
         200    0.243672           0           0
         200    0.269321           0           0
         200    0.294971           0           0
         200     0.32062           0           0
         200     0.34627           0           0
         200     0.37192           0           0
         200    0.397569           0           0
         200    0.423219           0           0
         200    0.448869           0           0
         200    0.474518           0           0
         200    0.500168           0           0
         200    0.525818           0           0
         200    0.551467           0           0
         200    0.577117           0           0
         200    0.602767           0           0
         200    0.628416           0           0
         200    0.654066           0           0
         200    0.679715           0           0
         200    0.705365           0           0
         200    0.731015           0           0
         200    0.756664           0           0
         200    0.782314           0           0
         200    0.807964           0           0
         200    0.833613           0           0
         200    0.859263           0           0
         200    0.884913 1.52842e-06 5.40931e-07
         200    0.910562 7.88328e-05 4.94791e-06
         200    0.936212 0.000835547 1.59861e-05
         200    0.961861  0.00366324  3.3169e-05
         200    0.987511  0.00934041 5.17378e-05
         200     1.01316   0.0161044  7.1823e-05
         200     1.03881    0.021299 8.47731e-05
         200     1.06446   0.0242571 9.26599e-05
         200     1.09011   0.0246483 8.06877e-05
         200     1.11576    0.023581 8.54835e-05
         200     1.14141   0.0216354 8.25131e-05
         200     1.16706   0.0192966 8.31744e-05
         200     1.19271   0.0171235 8.07287e-05
         200     1.21836   0.0150228  7.2377e-05
         200     1.24401   0.0131639 6.30888e-05
         200     1.26966   0.0117325  6.2955e-05
         200     1.29531   0.0104896 5.44768e-05
         200     1.32096  0.00936592 5.19246e-05
         200     1.34661  0.00861052 4.78852e-05
         200     1.37226  0.00794845 4.72135e-05
         200     1.39791  0.00745021 4.60666e-05
         200     1.42355  0.00702286 4.19866e-05
         200      1.4492   0.0066937 4.06628e-05
         200     1.47485   0.0063612 4.22549e-05
         200      1.5005  0.00615637 3.70407e-05
         200     1.52615  0.00604904 3.86529e-05
         200      1.5518  0.00602141 3.88408e-05
         200     1.57745  0.00602093 3.58079e-05
         200      1.6031  0.00605812  3.6438e-05
         200     1.62875  0.00620034 3.64267e-05
         200      1.6544  0.00634557 3.34827e-05
         200     1.68005   0.0065512 3.51813e-05
         200      1.7057  0.00680881 3.67695e-05
         200     1.73135  0.00713428 3.36199e-05
         200       1.757  0.00746575 3.52214e-05
         200     1.78265  0.00780632 3.69417e-05
         200      1.8083  0.00814656  3.7698e-05
         200     1.83395  0.00852118 4.25902e-05
         200      1.8596   0.0089961 4.08177e-05
         200     1.88525  0.00943332 3.83025e-05
         200      1.9109  0.00981773 4.10756e-05
         200     1.93655    0.010152 3.86032e-05
         200      1.9622   0.0104923 3.88678e-05
         200     1.98785   0.0108336 3.78233e-05
         200      2.0135   0.0111266  3.8617e-05
         200     2.03915   0.0112959 3.74505e-05
         200      2.0648   0.0114067 3.79967e-05
         200     2.09045   0.0113966 3.69917e-05
         200      2.1161   0.0113312 3.52675e-05
         200     2.14174   0.0112535 3.60206e-05
         200     2.16739   0.0110876 3.61796e-05
         200     2.19304   0.0108436 3.34401e-05
         200     2.21869   0.0105836 3.18947e-05
         200     2.24434   0.0102474 3.01171e-05
         200     2.26999  0.00992606 3.31753e-05
         200     2.29564  0.00966444  3.2636e-05
         200     2.32129  0.00942761 3.23457e-05
         200     2.34694    0.009132 3.02493e-05
         200     2.37259  0.00889379 2.86537e-05
         200     2.39824  0.00870037  2.8021e-05
         200     2.42389  0.00851857 3.02224e-05
         200     2.44954  0.00836069  2.8174e-05
         200     2.47519  0.00828425 2.57524e-05
         200     2.50084   0.0081562 2.43887e-05
         200     2.52649   0.0081087 2.70257e-05
         200     2.55214  0.00814252 2.80068e-05
