-4.71442
-4.7141
-4.71374
-4.71333
-4.7115
-4.70777
-4.7044
-4.70108
-4.69841
-4.69552
-4.6929
-4.68989
-4.68917
-4.6883
-4.68709
-4.68819
-4.68961
-4.692
-4.69416
-4.69637
-4.698
-4.69984
-4.70092
-4.70212
-4.70211
-4.70232
-4.70252
-4.70277
-4.70269
-4.70263
-4.70246
-4.70293
-4.70251
-4.7027
-4.70212
-4.70288
-4.70258
-4.7026
-4.70266
-4.70218
-4.7007
-4.70063
-4.70134
-4.70085
-4.70111
-4.70224
-4.70226
-4.70297
-4.70227
-4.70259
-4.70154
-4.70232
-4.70225
-4.70238
-4.70211
-4.70218
-4.70272
-4.70267
-4.70322
-4.70329
-4.70242
-4.70179
-4.70171
-4.70232
-4.70244
-4.7024
-4.7024
-4.70261
-4.70233
-4.70122
-4.7018
-4.70188
-4.70233
-4.70208
-4.70284
-4.70194
-4.70051
-4.70084
-4.70053
-4.70183
-4.70124
-4.70175
-4.7021
-4.70313
-4.70408
-4.70432
-4.70463
-4.70456
-4.70503
-4.705
-4.70464
-4.70484
-4.70488
-4.70415
-4.70418
-4.70423
-4.70431
-4.70487
-4.70379
-4.70379
-4.70396
-4.70417
-4.70397
-4.70446
-4.70488
-4.70492
-4.70486
-4.70512
-4.70522
-4.70499
-4.70624
-4.70672
-4.70737
-4.70699
-4.70754
-4.70706
-4.70716
-4.70706
-4.70643
-4.70693
-4.70732
-4.70792
-4.70737
-4.70704
-4.70665
-4.70637
-4.70686
-4.70633
-4.70602
-4.70609
-4.70625
-4.70619
-4.70667
-4.70674
-4.70657
-4.70628
-4.70574
-4.70555
-4.70586
-4.70699
-4.70801
-4.70798
-4.70835
-4.70861
-4.70813
-4.70796
-4.70857
-4.70862
-4.70756
-4.70721
-4.70609
-4.70619
-4.70573
-4.70651
-4.70585
-4.70585
-4.7053
-4.7057
-4.70598
-4.70553
-4.70511
-4.70536
-4.70479
-4.70522
-4.70498
-4.70582
-4.70616
-4.70596
-4.70593
-4.70607
-4.70519
-4.70544
-4.70532
-4.70457
-4.70366
-4.70336
-4.7031
-4.7029
-4.70219
-4.70176
-4.70283
-4.7027
-4.7036
-4.70472
-4.70478
-4.70551
-4.70579
-4.70515
-4.70373
-4.70427
-4.70381
-4.70359
-4.70319
-4.70312
-4.70355
-4.70346
-4.70316
-4.70235
-4.70315
-4.70238
-4.70272
-4.70189
-4.70259
-4.70252
-4.70257
-4.70287
-4.70297
-4.70376
-4.70433
-4.70377
-4.70361
-4.70295
-4.70271
-4.70201
-4.70225
-4.70208
-4.70154
-4.70155
-4.70136
-4.70141
-4.70118
-4.70155
-4.70187
-4.70138
-4.70143
-4.70158
-4.7011
-4.70152
-4.70163
-4.70084
-4.70066
-4.70033
-4.7009
-4.70056
-4.70065
-4.70103
-4.70064
-4.7007
-4.70183
-4.70225
-4.70198
-4.7015
-4.70157
-4.70108
-4.70137
-4.70164
-4.70199
-4.70243
-4.70188
-4.70276
-4.70206
-4.70249
-4.70255
-4.70243
-4.70213
-4.70124
-4.70127
-4.70043
-4.70026
-4.69999
-4.70009
-4.7004
-4.70093
-4.70074
-4.70103
-4.70074
-4.70075
-4.70194
-4.70114
-4.70075
-4.70095
-4.70128
-4.70176
-4.7021
-4.7023
-4.70297
-4.70214
-4.70236
-4.70284
-4.70298
-4.70307
-4.70386
-4.70372
-4.70236
-4.70254
-4.70337
-4.70261
-4.70358
-4.70384
-4.70519
-4.70514
-4.70458
-4.7035
-4.70343
-4.70244
-4.70193
-4.70178
-4.70304
-4.70268
-4.70293
-4.7027
-4.70285
-4.70355
-4.70419
-4.70453
-4.70446
-4.70369
-4.70326
-4.7039
-4.70418
-4.70381
-4.70356
-4.70392
-4.70419
-4.70406
-4.70473
-4.70466
-4.70461
-4.7044
-4.7042
-4.70357
-4.70357
-4.70296
-4.70398
-4.70404
-4.70373
-4.7044
-4.70458
-4.70397
-4.7041
-4.70423
-4.7039
-4.70327
-4.70311
-4.70328
-4.7032
-4.70229
-4.70253
-4.70283
-4.70211
-4.7026
-4.70308
-4.70264
-4.70279
-4.70309
-4.70263
-4.70336
-4.70374
-4.70362
-4.7033
-4.70326
-4.70319
-4.70281
-4.7036
-4.70299
-4.70234
-4.70255
-4.70288
-4.702
-4.70279
-4.7018
-4.70164
-4.70053
-4.69984
-4.70004
-4.70068
-4.70094
-4.70138
-4.70073
-4.70197
-4.70237
-4.70253
-4.70275
-4.70258
-4.70307
-4.70348
-4.70353
-4.70324
-4.70252
-4.70166
-4.70282
-4.70297
-4.70257
-4.70269
-4.70301
-4.70234
-4.70216
-4.7014
-4.70246
-4.70307
-4.70308
-4.70279
-4.7028
-4.70338
-4.70421
-4.7039
-4.70442
-4.70427
-4.70408
-4.70373
-4.7043
-4.70431
-4.70436
-4.70492
-4.70521
-4.70476
-4.7046
-4.70411
-4.70467
-4.70463
-4.70461
-4.70476
-4.70554
-4.70619
-4.70566
-4.70592
-4.70528
-4.70526
-4.70537
-4.70604
-4.70532
-4.70548
-4.70653
-4.7053
-4.70543
-4.70601
-4.70523
-4.70595
-4.70622
-4.7068
-4.70619
-4.70562
-4.70598
-4.70575
-4.70494
-4.70442
-4.70447
-4.70433
-4.70383
-4.70359
-4.70255
-4.70267
-4.70216
-4.7024
-4.70204
-4.70113
-4.70103
-4.70132
-4.7005
-4.70054
-4.70019
-4.70123
-4.70228
-4.70208
-4.70154
-4.70169
-4.70224
-4.70198
-4.70168
-4.70165
-4.70128
-4.70178
-4.70165
-4.70209
-4.70222
-4.70205
-4.70369
-4.70385
-4.70448
-4.70332
-4.70354
-4.70392
-4.7043
-4.70379
-4.7036
-4.70389
-4.70391
-4.70443
-4.7047
-4.70454
-4.70484
-4.70558
-4.70538
-4.70529
-4.70486
-4.70455
-4.70408
-4.70407
-4.70392
-4.70365
-4.70445
-4.70467
-4.70476
-4.70486
-4.70465
-4.70411
-4.70443
-4.70426
-4.7039
-4.70441
-4.70353
-4.70278
-4.70189
-4.7016
-4.70146
-4.70118
-4.70105
-4.70046
-4.70018
-4.70111
-4.70206
-4.70166
-4.7019
-4.70129
-4.70166
-4.70135
-4.70173
-4.70169
-4.70196
-4.70173
-4.70203
-4.70166
-4.70233
-4.70208
-4.70155
-4.70209
-4.70266
-4.70293
-4.70308
-4.70323
-4.70322
-4.7038
-4.70386
-4.70401
-4.70471
-4.70505
-4.7052
-4.70594
-4.70589
-4.70489
-4.70386
-4.70311
-4.70251
-4.70226
-4.70133
-4.70142
-4.70115
-4.70232
-4.70279
-4.70252
-4.70285
-4.70255
-4.70357
-4.70424
-4.70444
-4.70446
-4.70461
-4.70475
-4.70471
-4.70448
-4.70466
-4.70418
-4.70367
-4.7024
-4.70176
-4.70288
-4.70338
-4.70356
-4.70402
-4.70408
-4.70414
-4.70306
-4.70279
-4.70257
-4.70227
-4.70342
-4.70363
-4.70275
-4.70351
-4.70334
-4.70272
-4.70209
-4.70255
-4.70139
-4.70104
-4.70166
-4.70188
-4.70211
-4.70219
-4.70163
-4.70209
-4.70251
-4.70249
-4.70264
-4.70285
-4.70252
-4.70286
-4.70248
-4.7027
-4.70422
-4.70384
-4.70363
-4.70391
-4.70453
-4.7045
-4.70387
-4.70435
-4.70507
-4.70501
-4.70594
-4.7062
-4.70741
-4.7076
-4.70765
-4.70756
-4.70748
-4.70799
-4.7074
-4.70764
-4.7075
-4.70729
-4.70778
-4.70749
-4.70753
-4.70865
-4.70754
-4.70782
-4.70783
-4.7077
-4.70803
-4.70792
-4.70736
-4.70693
-4.70725
-4.70783
-4.70641
-4.70585
-4.70523
-4.70473
-4.7039
-4.70337
-4.7036
-4.70388
-4.7039
-4.70278
-4.70203
-4.70136
-4.70091
-4.70129
-4.70142
-4.70217
-4.7026
-4.70359
-4.70344
-4.70397
-4.70456
-4.70463
-4.70448
-4.70429
-4.70361
-4.70263
-4.7021
-4.70191
-4.70118
-4.70098
-4.70027
-4.70041
-4.7009
-4.70019
-4.69929
-4.69892
-4.69864
-4.69952
-4.69993
-4.69901
-4.69934
-4.69821
-4.69894
-4.69926
-4.69855
-4.69873
-4.6989
-4.69978
-4.69984
-4.69921
-4.69922
-4.69824
-4.6978
-4.69735
-4.69676
-4.69563
-4.69607
-4.69554
-4.69539
-4.69607
-4.69665
-4.69759
-4.6975
-4.6976
-4.6989
-4.69837
-4.69901
-4.69899
-4.6992
-4.69965
-4.70018
-4.70004
-4.69971
-4.6995
-4.69929
-4.69971
-4.69926
-4.69993
-4.70019
-4.69958
-4.70003
-4.69987
-4.69893
-4.69857
-4.69895
-4.69905
-4.69814
-4.69806
-4.69821
-4.69964
-4.69962
-4.70053
-4.70022
-4.70076
-4.70107
-4.70082
-4.70045
-4.70073
-4.70031
-4.69952
-4.69975
-4.69966
-4.69989
-4.69954
-4.69817
-4.69807
-4.6979
-4.69859
-4.69864
-4.69837
-4.69929
-4.70048
-4.70115
-4.70173
-4.70277
-4.70301
-4.70326
-4.70349
-4.70398
-4.70354
-4.70236
-4.70246
-4.70253
-4.70215
-4.70272
-4.70367
-4.70333
-4.70276
-4.70257
-4.70244
-4.70192
-4.70221
-4.70223
-4.70261
-4.70301
-4.70356
-4.70455
-4.70458
-4.7044
-4.70459
-4.70514
-4.70455
-4.70631
-4.70619
-4.70468
-4.70452
-4.7044
-4.70359
-4.70347
-4.70438
-4.70463
-4.70449
-4.70454
-4.70425
-4.70405
-4.7044
-4.70456
-4.7038
-4.7032
-4.70214
-4.7023
-4.70214
-4.703
-4.702
-4.70202
-4.70143
-4.70101
-4.70049
-4.69973
-4.70042
-4.70057
-4.70079
-4.70074
-4.70161
-4.7014
-4.70234
-4.70259
-4.70246
-4.70286
-4.70257
-4.70237
-4.70211
-4.70104
-4.701
-4.69976
-4.69944
-4.69874
-4.69933
-4.69942
-4.69962
-4.69977
-4.69953
-4.70009
-4.70005
-4.70026
-4.70011
-4.70003
-4.69958
-4.69892
-4.69945
-4.69835
-4.69895
-4.69944
-4.69874
-4.69788
-4.6982
-4.6979
-4.69818
-4.6989
-4.699
-4.69774
-4.69816
-4.6986
-4.69893
-4.69869
-4.69954
-4.70011
-4.70069
-4.70082
-4.70185
-4.70212
-4.70175
-4.70136
-4.70137
-4.70131
-4.70057
-4.70052
-4.69996
-4.69955
-4.69994
-4.69877
-4.69896
-4.70003
-4.70015
-4.70045
-4.70057
-4.70095
-4.70109
-4.70131
-4.70115
-4.7006
-4.70028
-4.69899
-4.699
-4.69927
-4.69923
-4.69906
-4.69937
-4.69838
-4.69882
-4.69859
-4.6989
-4.6981
-4.69737
-4.69775
-4.698
-4.69825
-4.69832
-4.69806
-4.69775
-4.69786
-4.69841
-4.69864
-4.69888
-4.69946
-4.6996
-4.70034
-4.7003
-4.70143
-4.70175
-4.70202
-4.7024
-4.70245
-4.70189
-4.7018
-4.70158
-4.70183
-4.7018
-4.70224
-4.70251
-4.70216
-4.70179
-4.70188
-4.70183
-4.70256
-4.70196
-4.70137
-4.70109
-4.70139
-4.70163
-4.70138
-4.70109
-4.70139
-4.70096
-4.70072
-4.70056
-4.70016
-4.69982
-4.70029
-4.69986
-4.69974
-4.6993
-4.69959
-4.69969
-4.7002
-4.70053
-4.70068
-4.7008
-4.7
-4.70025
-4.70018
-4.70103
-4.70142
-4.70137
-4.7019
-4.70121
-4.70049
-4.70004
-4.69941
-4.69953
-4.69845
-4.69847
-4.69763
-4.69808
-4.69859
-4.69931
-4.69916
-4.70007
-4.70035
-4.70028
-4.69955
-4.70042
-4.70019
-4.70011
-4.70068
-4.70074
-4.70151
-4.70177
-4.70247
-4.70202
-4.70339
-4.70312
-4.70275
-4.70175
-4.70169
-4.70114
-4.70151
-4.70162
-4.70067
-4.70202
-4.7021
-4.70234
-4.70228
-4.70165
-4.70124
-4.70124
-4.70031
-4.69996
-4.7008
-4.7001
-4.69938
-4.69729
-4.69688
-4.69725
-4.69601
-4.69575
-4.69632
-4.69712
-4.69753
-4.69723
-4.698
-4.69787
-4.69804
-4.69865
-4.69834
-4.69952
-4.70008
-4.69957
-4.70027
-4.69929
-4.70025
-4.70102
-4.70083
-4.70071
-4.70067
-4.70056
-4.70072
-4.70042
-4.69986
-4.69846
-4.69853
-4.69856
-4.69841
-4.69821
-4.69808
-4.69829
-4.69818
-4.69863
-4.69824
-4.69791
-4.6981
-4.69819
-4.69747
-4.69687
-4.69701
-4.69759
-4.69683
-4.69699
-4.69521
-4.69467
-4.69491
-4.69535
-4.69538
-4.69622
-4.69606
-4.69596
-4.69709
-4.69732
-4.69841
-4.69884
-4.69951
-4.69935
-4.69958
-4.69872
-4.69888
-4.69888
-4.69857
-4.69856
-4.69855
-4.69857
-4.69877
-4.6993
-4.70046
-4.70044
-4.70072
-4.70024
-4.6987
-4.69913
-4.69865
-4.69846
-4.69962
-4.69909
-4.69961
-4.69984
-4.69966
-4.6991
-4.69906
-4.6988
-4.69933
-4.69986
-4.70003
-4.69968
-4.69954
-4.69964
-4.69893
-4.70002
-4.70022
-4.70092
-4.70105
-4.7015
-4.70166
-4.70135
-4.70085
-4.70077
-4.70068
-4.69957
-4.7002
-4.69989
-4.70058
-4.70103
-4.7016
-4.70194
-4.70246
-4.70229
-4.70298
-4.70289
-4.70265
-4.70258
-4.7034
-4.70285
-4.70198
-4.7029
-4.70258
-4.70271
-4.70208
-4.70148
-4.70123
-4.70091
-4.70159
-4.70191
-4.70125
-4.7024
-4.70186
-4.70124
-4.70112
-4.70122
-4.70156
-4.70171
-4.70275
-4.70303
-4.70302
-4.70259
-4.70265
-4.70304
-4.70227
-4.70273
-4.70321
-4.70325
-4.70345
-4.70322
-4.70302
-4.70284
-4.70314
-4.70286
-4.70363
-4.70395
-4.70457
-4.70504
-4.70521
-4.7052
-4.70496
-4.70464
-4.7039
-4.70308
-4.70264
-4.70218
-4.70156
-4.7013
-4.70064
-4.70009
-4.69978
-4.70062
-4.7008
-4.70072
-4.70081
-4.70104
-4.70076
-4.70071
-4.70104
-4.70145
-4.7009
-4.70062
-4.69959
-4.6998
-4.69945
-4.699
-4.69919
-4.69954
-4.69973
-4.7008
-4.70138
-4.70148
-4.70203
-4.7035
-4.7035
-4.70337
-4.70311
-4.70301
-4.70321
-4.70267
-4.70301
-4.70302
-4.70238
-4.70202
-4.7018
-4.70205
-4.70217
-4.70185
-4.70259
-4.7024
-4.70281
-4.7029
-4.70254
-4.70219
-4.70292
-4.70366
-4.70474
-4.70418
-4.70291
-4.70244
-4.7017
-4.70232
-4.70229
-4.70249
-4.70259
-4.70305
-4.70343
-4.70378
-4.70428
-4.70449
-4.70399
-4.70372
-4.70368
-4.7039
-4.70362
-4.70311
-4.7028
-4.70325
-4.70367
-4.70387
-4.70447
-4.70533
-4.70465
-4.70455
-4.70428
-4.7041
-4.7043
-4.7035
-4.70232
-4.70169
-4.7006
-4.70107
-4.70042
-4.70014
-4.6993
-4.6991
-4.69952
-4.70027
-4.70015
-4.70084
-4.70129
-4.70134
-4.70188
-4.7023
-4.70287
-4.70313
-4.7035
-4.7038
-4.70417
-4.70523
-4.70593
-4.70646
-4.7064
-4.70653
-4.7073
-4.7069
-4.70683
-4.70752
-4.70698
-4.70718
-4.70643
-4.70654
-4.70675
-4.70632
-4.70631
-4.70644
-4.70626
-4.70579
-4.7052
-4.70571
-4.70612
-4.70538
-4.7053
-4.70526
-4.70494
-4.70493
-4.70522
-4.70564
-4.70574
-4.70582
-4.70634
-4.70636
-4.70649
-4.70671
-4.70701
-4.70666
-4.70581
-4.7054
-4.70499
-4.70415
-4.70348
-4.70437
-4.7035
-4.70363
-4.70371
-4.70393
-4.70383
-4.70454
-4.70537
-4.70532
-4.70554
-4.70575
-4.70555
-4.70502
-4.70592
-4.70542
-4.70577
-4.70573
-4.70512
-4.70539
-4.70503
-4.70494
-4.70514
-4.70475
-4.70424
-4.70405
-4.70355
-4.70285
-4.70239
-4.70229
-4.70194
-4.70168
-4.70077
-4.70061
-4.70032
-4.69933
-4.69947
-4.69953
-4.70012
-4.70079
-4.70061
-4.70153
-4.70188
-4.70301
-4.70207
-4.70252
-4.70239
-4.70225
-4.70174
-4.70113
-4.7007
-4.70061
-4.70027
-4.6994
-4.69953
-4.6986
-4.69728
-4.69727
-4.69692
-4.69652
-4.6971
-4.69784
-4.69812
-4.6988
-4.69883
-4.69881
-4.70013
-4.70115
-4.70129
-4.70131
-4.7015
-4.70186
-4.7025
-4.7019
-4.70294
-4.70412
-4.70436
-4.70445
-4.70407
-4.70338
-4.70239
-4.70275
-4.70268
-4.70218
-4.70216
-4.70279
-4.70316
-4.7025
-4.70217
-4.70214
-4.70131
-4.70224
-4.70204
-4.70223
-4.70225
-4.7021
-4.70197
-4.70112
-4.7012
-4.70161
-4.7022
-4.70266
-4.70271
-4.70236
-4.70251
-4.70273
-4.70258
-4.70337
-4.70417
-4.70447
-4.70512
-4.70368
-4.70335
-4.7037
-4.70401
-4.70373
-4.70331
-4.70367
-4.70419
-4.70336
-4.70359
-4.7029
-4.70235
-4.70211
-4.7011
-4.70085
-4.70013
-4.69969
-4.69936
-4.69945
-4.69891
-4.69821
-4.69816
-4.69745
-4.69688
-4.6975
-4.69718
-4.69827
-4.69875
-4.69916
-4.69917
-4.6994
-4.69986
-4.70118
-4.701
-4.70052
-4.70022
-4.70205
-4.70249
-4.70244
-4.7025
-4.70176
-4.70057
-4.70076
-4.701
-4.70131
-4.70125
-4.70156
-4.70238
-4.70291
-4.7027
-4.70308
-4.70391
-4.70381
-4.70411
-4.70403
-4.70419
-4.70395
-4.70426
-4.70438
-4.70375
-4.70313
-4.70346
-4.70444
-4.70484
-4.7051
-4.7043
-4.70334
-4.70326
-4.70331
-4.70303
-4.70286
-4.7031
-4.70361
-4.7038
-4.70355
-4.70349
-4.70288
-4.70312
-4.70224
-4.70207
-4.7023
-4.70183
-4.70229
-4.70227
-4.7036
-4.70462
-4.70445
-4.70447
-4.7042
-4.70421
-4.70459
-4.70438
-4.70357
-4.7038
-4.703
-4.70288
-4.70273
-4.70307
-4.70335
-4.70329
-4.70307
-4.70221
-4.70204
-4.70252
-4.70225
-4.70304
-4.7032
-4.70306
-4.70365
-4.70377
-4.70429
-4.70341
-4.704
-4.70396
-4.70361
-4.70328
-4.70355
-4.70368
-4.70366
-4.70379
-4.70392
-4.70363
-4.70335
-4.70385
-4.70375
-4.70436
-4.70463
-4.70378
-4.70315
-4.70278
-4.70147
-4.70045
-4.69976
-4.70003
-4.69991
-4.69972
-4.69989
-4.70104
-4.70162
-4.70209
-4.70241
-4.70335
-4.70398
-4.7046
-4.70534
-4.7056
-4.7061
-4.70519
-4.70498
-4.70518
-4.70535
-4.70549
-4.70503
-4.70429
-4.70494
-4.70551
-4.70571
-4.70598
-4.70555
-4.70515
-4.7055
-4.70642
-4.70654
-4.70719
-4.70763
-4.70772
-4.70763
-4.70707
-4.707
-4.70696
-4.70698
-4.70674
-4.70654
-4.70695
-4.70674
-4.70559
-4.70577
-4.70546
-4.70482
-4.70519
-4.7043
-4.70442
-4.70423
-4.7033
-4.70319
-4.70331
-4.70364
-4.70325
-4.70424
-4.70432
-4.70484
-4.70461
-4.70348
-4.70475
-4.70556
-4.70528
-4.70483
-4.70544
-4.70469
-4.70486
-4.70431
-4.70482
-4.70517
-4.70488
-4.70485
-4.70462
-4.70403
-4.70431
-4.70337
-4.70274
-4.70261
-4.70149
-4.70093
-4.70136
-4.70128
-4.70259
-4.70326
-4.70355
-4.70417
-4.70421
-4.70491
-4.70389
-4.70362
-4.70251
-4.70179
-4.70209
-4.70159
-4.70099
-4.70112
-4.70076
-4.70004
-4.69991
-4.70055
-4.70046
-4.70098
-4.70031
-4.69905
-4.69886
-4.69913
-4.70107
-4.70102
-4.70075
-4.70054
-4.70024
-4.70032
-4.69992
-4.69864
-4.69836
-4.69787
-4.6987
-4.69926
-4.69967
-4.70108
-4.7009
-4.70187
-4.70187
-4.70214
-4.70073
-4.70053
-4.70006
-4.70072
-4.69999
-4.70079
-4.70068
-4.70092
-4.70097
-4.70135
-4.70146
-4.70106
-4.70095
-4.70101
-4.70139
-4.70131
-4.69998
-4.69952
-4.69889
-4.69838
-4.69787
-4.69766
-4.69804
-4.6966
-4.69709
-4.69695
-4.69663
-4.69706
-4.69737
-4.69864
-4.69923
-4.69899
-4.69943
-4.69959
-4.69959
-4.70014
-4.69939
-4.69961
-4.69978
-4.69961
-4.70007
-4.69997
-4.70025
-4.70046
-4.70135
-4.70246
-4.70164
-4.70189
-4.70225
-4.70256
-4.7025
-4.70283
-4.70236
-4.70216
-4.70253
-4.70316
-4.70238
-4.7008
-4.70085
-4.70013
-4.70032
-4.69978
-4.69943
-4.6993
-4.69862
-4.69939
-4.69916
-4.69914
-4.69976
-4.70027
-4.70155
-4.70193
-4.70199
-4.7026
-4.70346
-4.7038
-4.70409
-4.70422
-4.70407
-4.70442
-4.70467
-4.70569
-4.70504
-4.70598
-4.70641
-4.70602
-4.70562
-4.70629
-4.70643
-4.70693
-4.70687
-4.70683
-4.70646
-4.70634
-4.70555
-4.70468
-4.70422
-4.70463
-4.70414
-4.70444
-4.70448
-4.70488
-4.70518
-4.70402
-4.70408
-4.70471
-4.70406
-4.70423
-4.70356
-4.70344
-4.70332
-4.70263
-4.70232
-4.70242
-4.70278
-4.70371
-4.70352
-4.70355
-4.70407
-4.70413
-4.7043
-4.7047
-4.70427
-4.70467
-4.70511
-4.70502
-4.70501
-4.7051
-4.70411
-4.70405
-4.70387
-4.70389
-4.70365
-4.70437
-4.70373
-4.70291
-4.70341
-4.70292
-4.70359
-4.70286
-4.70216
-4.70081
-4.70194
-4.70286
-4.70449
-4.70461
-4.70522
-4.70616
-4.70693
-4.7075
-4.70773
-4.70584
-4.70518
-4.70532
-4.70571
-4.70561
-4.70552
-4.705
-4.70437
-4.70438
-4.70384
-4.7041
-4.70304
-4.7028
-4.70216
-4.70248
-4.70273
-4.70319
-4.70402
-4.70369
-4.70395
-4.70404
-4.70454
-4.70454
-4.70557
-4.70537
-4.70456
-4.70433
-4.70437
-4.70407
-4.70373
-4.70457
-4.70524
-4.70454
-4.7049
-4.70482
-4.70521
-4.70502
-4.70514
-4.70423
-4.7044
-4.70459
-4.70437
-4.70446
-4.70454
-4.70414
-4.70291
-4.70207
-4.70205
-4.70243
-4.70203
-4.70178
-4.7011
-4.70076
-4.70166
-4.70154
-4.70129
-4.70044
-4.70035
-4.69998
-4.69905
-4.69971
-4.69914
-4.69947
-4.70053
-4.70107
-4.70208
-4.70227
-4.70309
-4.70358
-4.70314
-4.70271
-4.70307
-4.70139
-4.7012
-4.70056
-4.7016
-4.70178
-4.70154
-4.70165
-4.70211
-4.70144
-4.70131
-4.70127
-4.70085
-4.70153
-4.70205
-4.70224
-4.70314
-4.70369
-4.70435
-4.70466
-4.70357
-4.7035
-4.70342
-4.7029
-4.70345
-4.70238
-4.70209
-4.70092
-4.70127
-4.70145
-4.70114
-4.70108
-4.70145
-4.70059
-4.70034
-4.70058
-4.69996
-4.70016
-4.7001
-4.70021
-4.70016
-4.70054
-4.70059
-4.70047
-4.70094
-4.70113
-4.70117
-4.70258
-4.70217
-4.70219
-4.70158
-4.70186
-4.7015
-4.70172
-4.70143
-4.70137
-4.70051
-4.69992
-4.70059
-4.69999
-4.70012
-4.69977
-4.70057
-4.70097
-4.70107
-4.70116
-4.70195
-4.70118
-4.70172
-4.70223
-4.70287
-4.70247
-4.70239
-4.70233
-4.70199
-4.70148
-4.70197
-4.70316
-4.70413
-4.70417
-4.7033
-4.70351
-4.70376
-4.70388
-4.70443
-4.70448
-4.70432
-4.7038
-4.70399
-4.70232
-4.70232
-4.70203
-4.70088
-4.70221
-4.70167
-4.70152
-4.70027
-4.70016
-4.70089
-4.70063
-4.70145
-4.70091
-4.70046
-4.7004
-4.70072
-4.70096
-4.70054
-4.70144
-4.70096
-4.70108
-4.70138
-4.70108
-4.7005
-4.70036
-4.70003
-4.70041
-4.70089
-4.70073
-4.70116
-4.70148
-4.70202
-4.70189
-4.70247
-4.70298
-4.70294
-4.70351
-4.70419
-4.704
-4.704
-4.70372
-4.70379
-4.70258
-4.70283
-4.70275
-4.70192
-4.70113
-4.69994
-4.70018
-4.70142
-4.70064
-4.70146
-4.70159
-4.70148
-4.70229
-4.70191
-4.70183
-4.70159
-4.7012
-4.70171
-4.70147
-4.70123
-4.70098
-4.70101
-4.70116
-4.70204
-4.70197
-4.70156
-4.70232
-4.7018
-4.70244
-4.70273
-4.70222
-4.702
-4.70253
-4.70277
-4.70167
-4.70134
-4.70131
-4.70188
-4.70291
-4.70276
-4.70236
-4.70267
-4.70309
-4.70257
-4.70333
-4.70304
-4.70346
-4.70441
-4.70437
-4.70426
-4.70442
-4.7044
-4.70303
-4.70346
-4.70283
-4.70234
-4.70212
-4.70171
-4.70264
-4.70278
-4.70305
-4.70284
-4.70216
-4.70235
-4.70176
-4.7016
-4.70147
-4.7011
-4.70101
-4.70171
-4.70249
-4.70304
-4.7033
-4.70391
-4.70401
-4.70487
-4.70553
-4.70553
-4.70519
-4.70502
-4.70551
-4.70596
-4.70519
-4.70474
-4.70325
-4.70345
-4.70248
-4.70215
-4.70275
-4.70232
-4.70221
-4.70213
-4.70253
-4.70285
-4.70298
-4.70374
-4.70437
-4.70527
-4.70555
-4.70565
-4.70549
-4.70491
-4.70505
-4.70355
-4.70319
-4.70283
-4.70203
-4.70174
-4.70167
-4.70035
-4.7005
-4.7003
-4.70004
-4.70031
-4.70033
-4.70054
-4.70124
-4.7015
-4.70115
-4.70123
-4.70067
-4.70036
-4.69988
-4.70013
-4.70023
-4.70093
-4.70056
-4.70108
-4.70125
-4.70091
-4.70048
-4.69998
-4.69987
-4.69896
-4.69834
-4.69819
-4.69702
-4.69668
-4.69643
-4.69598
-4.69518
-4.696
-4.69629
-4.69664
-4.69776
-4.69825
-4.6973
-4.69654
-4.69658
-4.69698
-4.69657
-4.69736
-4.69652
-4.69769
-4.69692
-4.69693
-4.69617
-4.69691
-4.69627
-4.69713
-4.69736
-4.69682
-4.69658
-4.69768
-4.69818
-4.69839
-4.6983
-4.69853
-4.69848
-4.69877
-4.6991
-4.69963
-4.69947
-4.69951
-4.7002
-4.70105
-4.70069
-4.7009
-4.70029
-4.69991
-4.69976
-4.69985
-4.70003
-4.70002
-4.69984
-4.6989
-4.69827
-4.69829
-4.6979
-4.69773
-4.69761
-4.69783
-4.69793
-4.6977
-4.69714
-4.6979
-4.69726
-4.69704
-4.69682
-4.69734
-4.69772
-4.69765
-4.69731
-4.69761
-4.69764
-4.69725
-4.69672
-4.69633
-4.69622
-4.69731
-4.69702
-4.6966
-4.69633
-4.69591
-4.69714
-4.69789
-4.69771
-4.69752
-4.69826
-4.6978
-4.69753
-4.69758
-4.69763
-4.69827
-4.69768
-4.69828
-4.69871
-4.69961
-4.69948
-4.70001
-4.70013
-4.69952
-4.69963
-4.69984
-4.69982
-4.69942
-4.69988
-4.6994
-4.69845
-4.6978
-4.69805
-4.69847
-4.69828
-4.69794
-4.69747
-4.69686
-4.69719
-4.69832
-4.69829
-4.69879
-4.69889
-4.69993
-4.70024
-4.70023
-4.7011
-4.70135
-4.70127
-4.70226
-4.70282
-4.70235
-4.70193
-4.70245
-4.70299
-4.70291
-4.70388
-4.70405
-4.70388
-4.70472
-4.70432
-4.70448
-4.70445
-4.70406
-4.70435
-4.7038
-4.70331
-4.70319
-4.70317
-4.70193
-4.70151
-4.70121
-4.70138
-4.70144
-4.70139
-4.70193
-4.70224
-4.70283
-4.7029
-4.70378
-4.70395
-4.70387
-4.7031
-4.70225
-4.70256
-4.70268
-4.70234
-4.70248
-4.70178
-4.70268
-4.70367
-4.70399
-4.70437
-4.70475
-4.70465
-4.70372
-4.70377
-4.70524
-4.7048
-4.70429
-4.70403
-4.70208
-4.70134
-4.70169
-4.70164
-4.70059
-4.70113
-4.70158
-4.70208
-4.70169
-4.70265
-4.70328
-4.70435
-4.7048
-4.70468
-4.70432
-4.70373
-4.70398
-4.7046
-4.70569
-4.70584
-4.70517
-4.70548
-4.7054
-4.70603
-4.70557
-4.70582
-4.70543
-4.70559
-4.70511
-4.70476
-4.70381
-4.70303
-4.70393
-4.70438
-4.70453
-4.7045
-4.70477
-4.70428
-4.70474
-4.7036
-4.70375
-4.70338
-4.70309
-4.70346
-4.70353
-4.70299
-4.70332
-4.70242
-4.70283
-4.70304
-4.70304
-4.70298
-4.7027
-4.70271
-4.70244
-4.70251
-4.7031
-4.70314
-4.70276
-4.70299
-4.70289
-4.70289
-4.70282
-4.7024
-4.70272
-4.70307
-4.70244
-4.70179
-4.70307
-4.70292
-4.70325
-4.70322
-4.70307
-4.70278
-4.70204
-4.70316
-4.70227
-4.70289
-4.70263
-4.70197
-4.70229
-4.70239
-4.70227
-4.70178
-4.70238
-4.70269
-4.7028
-4.70194
-4.70192
-4.70215
-4.70252
-4.70185
-4.70152
-4.70076
-4.70074
-4.70145
-4.70197
-4.70203
-4.70225
-4.70191
-4.70224
-4.70175
-4.70145
-4.70253
-4.70208
-4.70219
-4.70226
-4.70199
-4.70171
-4.70114
-4.70195
-4.70156
-4.70162
-4.70182
-4.70199
-4.70124
-4.70061
-4.70041
-4.7002
-4.70119
-4.70112
-4.7015
-4.70128
-4.70121
-4.70175
-4.70228
-4.70205
-4.70151
-4.70144
-4.70168
-4.7015
-4.70165
-4.70124
-4.70252
-4.70276
-4.70285
-4.70279
-4.70213
-4.70237
-4.70188
-4.70263
-4.70293
-4.70171
-4.70148
-4.7016
-4.70145
-4.70031
-4.70031
-4.70015
-4.70001
-4.69947
-4.69901
-4.69941
-4.69852
-4.6977
-4.69782
-4.69748
-4.69725
-4.69742
-4.69694
-4.69717
-4.69708
-4.6964
-4.69665
-4.69576
-3.7935
-3.79214
-3.79222
-3.7917
-3.792
-3.79224
-3.79267
-3.79487
-3.79613
-3.79782
-3.79845
-3.79854
-3.79911
-3.79939
-3.79909
-3.79852
-3.79864
-3.79771
-3.7966
-3.7959
-3.79572
-3.79579
-3.79596
-3.79664
-3.79672
-3.79717
-3.797
-3.7973
-3.79752
-3.79731
-3.79654
-3.79655
-3.79589
-3.79527
-3.7964
-3.79719
-3.79876
-3.79993
-3.79956
-3.79977
-3.8005
-3.79835
-3.79721
-3.7982
-3.7972
-3.79667
-3.79645
-3.79641
-3.79614
-3.79792
-3.79739
-3.7972
-3.79657
-3.79694
-3.79635
-3.79556
-3.79604
-3.79632
-3.79716
-3.79774
-3.79784
-3.79865
-3.79899
-3.7989
-3.79957
-3.79826
-3.79877
-3.79874
-3.79851
-3.79769
-3.79717
-3.79747
-3.79721
-3.79732
-3.79696
-3.79759
-3.79748
-3.7974
-3.79794
-3.79853
-3.79978
-3.80004
-3.8007
-3.80096
-3.79968
-3.79849
-3.79771
-3.79615
-3.79681
-3.79749
-3.79819
-3.79886
-3.79957
-3.79993
-3.80112
-3.80239
-3.80251
-3.80354
-3.80401
-3.80411
-3.80393
-3.80379
-3.80392
-3.80186
-3.80087
-3.8001
-3.79958
-3.79912
-3.79838
-3.79895
-3.79789
-3.79791
-3.79754
-3.79674
-3.79538
-3.79511
-3.79521
-3.79553
-3.79657
-3.79756
-3.79846
-3.79786
-3.79834
-3.79958
-3.80128
-3.80102
-3.80283
-3.80318
-3.80274
-3.80206
-3.80166
-3.80094
-3.79965
-3.79882
-3.79967
-3.8003
-3.80088
-3.80144
-3.80122
-3.80138
-3.80068
-3.80004
-3.79982
-3.79847
-3.79959
-3.79858
-3.79791
-3.79756
-3.79818
-3.79857
-3.79886
-3.79926
-3.79921
-3.79913
-3.79873
-3.79799
-3.79873
-3.79849
-3.79925
-3.79925
-3.79928
-3.80034
-3.80114
-3.80151
-3.80217
-3.80128
-3.80085
-3.80093
-3.79955
-3.79918
-3.79938
-3.79982
-3.79937
-3.79902
-3.79992
-3.79961
-3.7984
-3.79752
-3.79659
-3.79614
-3.79598
-3.7965
-3.79716
-3.7972
-3.79791
-3.79794
-3.79897
-3.8001
-3.7996
-3.79999
-3.79891
-3.79842
-3.79761
-3.79753
-3.7968
-3.79685
-3.7963
-3.79759
-3.7983
-3.79852
-3.79811
-3.79909
-3.79967
-3.79995
-3.80161
-3.80169
-3.8021
-3.80225
-3.80188
-3.80063
-3.80027
-3.79923
-3.7991
-3.79903
-3.79888
-3.79846
-3.79814
-3.799
-3.79884
-3.79835
-3.79827
-3.79804
-3.79773
-3.79687
-3.79638
-3.79664
-3.79776
-3.79914
-3.79971
-3.80033
-3.80197
-3.80319
-3.80285
-3.80318
-3.80313
-3.80409
-3.80358
-3.80328
-3.8018
-3.80148
-3.80075
-3.80055
-3.80017
-3.7996
-3.80017
-3.80029
-3.7993
-3.79988
-3.80069
-3.80042
-3.80039
-3.80131
-3.8013
-3.80216
-3.80372
-3.80506
-3.80529
-3.80611
-3.80666
-3.80592
-3.80618
-3.80668
-3.80682
-3.80664
-3.80597
-3.80468
-3.80427
-3.80425
-3.80329
-3.80162
-3.80113
-3.80147
-3.80131
-3.80236
-3.80295
-3.80443
-3.80471
-3.80394
-3.80431
-3.80352
-3.80231
-3.80095
-3.79938
-3.79868
-3.79759
-3.79718
-3.79667
-3.7961
-3.79622
-3.79511
-3.79392
-3.7946
-3.79497
-3.79595
-3.79636
-3.79554
-3.79512
-3.79511
-3.79474
-3.79566
-3.79572
-3.79562
-3.79517
-3.79585
-3.79601
-3.79641
-3.79696
-3.79621
-3.79501
-3.79552
-3.7965
-3.79677
-3.79741
-3.79712
-3.79726
-3.79651
-3.79612
-3.79579
-3.79507
-3.79567
-3.79603
-3.79602
-3.7968
-3.7975
-3.79741
-3.79902
-3.80012
-3.80086
-3.80105
-3.80033
-3.7996
-3.79793
-3.79692
-3.7963
-3.79682
-3.79725
-3.79728
-3.79751
-3.79707
-3.79735
-3.79747
-3.79876
-3.79951
-3.8005
-3.80042
-3.80079
-3.80208
-3.80273
-3.80225
-3.80183
-3.80082
-3.8006
-3.79908
-3.7988
-3.79844
-3.79829
-3.79783
-3.79835
-3.79899
-3.80008
-3.80099
-3.80132
-3.80211
-3.80431
-3.80531
-3.8045
-3.80373
-3.80356
-3.80293
-3.80125
-3.80123
-3.80155
-3.8018
-3.80276
-3.80307
-3.80297
-3.80301
-3.80289
-3.80314
-3.80374
-3.80396
-3.80519
-3.80618
-3.80588
-3.80565
-3.80487
-3.80384
-3.80362
-3.80364
-3.80403
-3.80399
-3.80478
-3.80435
-3.80361
-3.80236
-3.80204
-3.8006
-3.80067
-3.8018
-3.80146
-3.80197
-3.80226
-3.80263
-3.80302
-3.80324
-3.80375
-3.80441
-3.8034
-3.80367
-3.80365
-3.8033
-3.80231
-3.80179
-3.80106
-3.79972
-3.79979
-3.79949
-3.80039
-3.80043
-3.80099
-3.8018
-3.80265
-3.80359
-3.80437
-3.80582
-3.80488
-3.80545
-3.80496
-3.80553
-3.80578
-3.80545
-3.80498
-3.80411
-3.80382
-3.80426
-3.80303
-3.80238
-3.8013
-3.80176
-3.80163
-3.80133
-3.80162
-3.80115
-3.80139
-3.80141
-3.80102
-3.80168
-3.80141
-3.80145
-3.80154
-3.80125
-3.80041
-3.80125
-3.80111
-3.79979
-3.79859
-3.79844
-3.79695
-3.79676
-3.79662
-3.79662
-3.79749
-3.79842
-3.79953
-3.79975
-3.80019
-3.80122
-3.80032
-3.80091
-3.79964
-3.79894
-3.79819
-3.79779
-3.79795
-3.79697
-3.79746
-3.79854
-3.79858
-3.79918
-3.79992
-3.80025
-3.7989
-3.79878
-3.79901
-3.79899
-3.79824
-3.79903
-3.79848
-3.79812
-3.79751
-3.79727
-3.7977
-3.79792
-3.79805
-3.79792
-3.79881
-3.79899
-3.79857
-3.79862
-3.79874
-3.79795
-3.79663
-3.79662
-3.79793
-3.7975
-3.79755
-3.79878
-3.79935
-3.79907
-3.80006
-3.79987
-3.80083
-3.79934
-3.79937
-3.7979
-3.79763
-3.79702
-3.79594
-3.79551
-3.79563
-3.79536
-3.79753
-3.79813
-3.79909
-3.80134
-3.80252
-3.80165
-3.80081
-3.79922
-3.79834
-3.79813
-3.7982
-3.79777
-3.79862
-3.79821
-3.79844
-3.79774
-3.79879
-3.79994
-3.79913
-3.79945
-3.79973
-3.79949
-3.79948
-3.7997
-3.79971
-3.79939
-3.8005
-3.80065
-3.80076
-3.80121
-3.80033
-3.79909
-3.79919
-3.79887
-3.79818
-3.79687
-3.79623
-3.7959
-3.79475
-3.7949
-3.79535
-3.79525
-3.79535
-3.79489
-3.79418
-3.79409
-3.79495
-3.79659
-3.79737
-3.79724
-3.79716
-3.79668
-3.79641
-3.79618
-3.79506
-3.79454
-3.79469
-3.79345
-3.79393
-3.79375
-3.79387
-3.79426
-3.79438
-3.79448
-3.79516
-3.79544
-3.79501
-3.79566
-3.79536
-3.79566
-3.79544
-3.79404
-3.79243
-3.79186
-3.79087
-3.79138
-3.79155
-3.79103
-3.79194
-3.79283
-3.79405
-3.79414
-3.79399
-3.79488
-3.79503
-3.79538
-3.796
-3.7969
-3.79677
-3.79705
-3.79695
-3.7961
-3.79473
-3.79291
-3.79263
-3.79182
-3.79167
-3.79138
-3.79208
-3.79244
-3.79241
-3.79208
-3.79297
-3.79284
-3.79356
-3.79383
-3.79447
-3.79537
-3.79533
-3.79566
-3.79553
-3.79577
-3.79587
-3.79524
-3.79527
-3.7947
-3.79512
-3.79433
-3.79414
-3.79483
-3.79621
-3.79748
-3.79796
-3.79793
-3.79885
-3.79861
-3.79872
-3.79964
-3.79867
-3.79867
-3.79783
-3.79695
-3.79698
-3.79628
-3.79608
-3.79593
-3.79508
-3.79569
-3.7963
-3.79733
-3.79809
-3.80054
-3.80197
-3.8033
-3.80487
-3.80384
-3.80342
-3.80274
-3.80105
-3.80013
-3.80019
-3.80069
-3.80118
-3.80005
-3.79984
-3.80047
-3.80049
-3.80121
-3.80129
-3.80097
-3.80179
-3.80167
-3.8018
-3.80184
-3.79979
-3.80006
-3.79961
-3.79951
-3.79936
-3.80073
-3.80112
-3.80146
-3.80177
-3.80114
-3.80184
-3.80156
-3.80244
-3.8029
-3.80347
-3.80393
-3.80519
-3.80539
-3.80552
-3.80564
-3.80569
-3.80558
-3.80661
-3.80646
-3.80605
-3.80436
-3.80332
-3.80136
-3.80116
-3.80024
-3.80002
-3.80054
-3.80106
-3.80096
-3.80164
-3.80218
-3.80298
-3.8031
-3.8037
-3.80333
-3.80317
-3.80144
-3.80056
-3.79972
-3.79933
-3.79925
-3.79932
-3.79992
-3.79955
-3.80063
-3.80092
-3.80203
-3.80172
-3.80187
-3.80132
-3.80119
-3.80119
-3.80135
-3.80067
-3.80113
-3.80154
-3.80116
-3.80162
-3.80105
-3.80092
-3.80056
-3.80131
-3.80037
-3.80127
-3.80074
-3.80074
-3.80075
-3.80007
-3.79953
-3.79898
-3.79875
-3.79846
-3.79791
-3.79689
-3.79653
-3.79683
-3.79657
-3.79806
-3.79836
-3.79919
-3.79964
-3.79971
-3.80048
-3.80101
-3.80141
-3.80115
-3.80131
-3.80057
-3.7995
-3.79809
-3.79778
-3.79768
-3.79776
-3.7975
-3.7973
-3.79759
-3.79823
-3.79936
-3.79926
-3.80022
-3.80005
-3.80011
-3.79989
-3.79847
-3.79852
-3.79888
-3.79881
-3.79938
-3.79965
-3.79939
-3.80012
-3.8011
-3.80119
-3.80072
-3.79997
-3.79996
-3.79961
-3.79897
-3.79889
-3.79797
-3.79766
-3.79831
-3.7997
-3.80069
-3.80217
-3.8032
-3.80387
-3.80418
-3.80366
-3.80268
-3.80258
-3.80064
-3.79959
-3.79914
-3.79895
-3.79939
-3.7998
-3.80061
-3.80174
-3.80239
-3.80335
-3.80372
-3.80343
-3.80272
-3.80297
-3.80264
-3.80106
-3.80111
-3.8003
-3.79954
-3.79814
-3.79761
-3.79731
-3.7972
-3.79744
-3.79664
-3.79657
-3.79642
-3.79678
-3.79596
-3.79698
-3.79757
-3.7985
-3.79921
-3.79901
-3.79773
-3.79922
-3.79872
-3.79812
-3.79808
-3.79789
-3.79785
-3.79771
-3.79704
-3.79628
-3.79612
-3.79599
-3.79563
-3.79521
-3.79496
-3.79365
-3.79292
-3.79235
-3.79286
-3.79272
-3.79256
-3.79383
-3.79449
-3.79601
-3.79701
-3.79684
-3.79634
-3.7976
-3.7982
-3.79872
-3.79856
-3.79893
-3.79898
-3.79865
-3.79696
-3.7956
-3.79522
-3.79552
-3.7959
-3.7959
-3.79659
-3.79646
-3.79617
-3.79683
-3.7973
-3.79924
-3.80082
-3.80088
-3.80028
-3.79942
-3.79993
-3.79893
-3.79912
-3.79922
-3.79959
-3.79947
-3.79992
-3.79963
-3.80046
-3.80065
-3.80209
-3.80322
-3.80431
-3.80463
-3.80372
-3.80319
-3.80134
-3.80115
-3.80103
-3.80056
-3.79969
-3.79917
-3.79839
-3.79843
-3.79855
-3.79821
-3.79888
-3.79916
-3.79959
-3.79946
-3.79967
-3.79856
-3.79861
-3.79957
-3.79879
-3.79914
-3.79909
-3.79918
-3.79801
-3.79676
-3.79638
-3.79585
-3.79525
-3.79585
-3.79648
-3.79744
-3.79804
-3.7991
-3.7984
-3.79966
-3.7998
-3.79867
-3.79868
-3.79972
-3.7991
-3.79917
-3.79788
-3.79654
-3.79593
-3.79516
-3.79482
-3.79426
-3.7945
-3.79433
-3.79485
-3.79616
-3.7965
-3.79753
-3.79814
-3.7989
-3.80012
-3.80075
-3.80134
-3.8014
-3.80194
-3.80135
-3.80219
-3.8025
-3.80319
-3.8038
-3.80311
-3.80406
-3.80387
-3.80325
-3.80431
-3.8036
-3.80373
-3.80352
-3.80285
-3.80204
-3.80261
-3.80201
-3.80026
-3.79919
-3.80002
-3.79933
-3.79908
-3.79906
-3.79903
-3.79798
-3.7978
-3.79687
-3.79575
-3.79621
-3.79637
-3.79624
-3.7968
-3.79766
-3.79815
-3.79824
-3.79807
-3.798
-3.79761
-3.79785
-3.79873
-3.7989
-3.79971
-3.79906
-3.79784
-3.79816
-3.79849
-3.79905
-3.79872
-3.79916
-3.79829
-3.7983
-3.79918
-3.79908
-3.79953
-3.79998
-3.80072
-3.8009
-3.80058
-3.80155
-3.80109
-3.8024
-3.80319
-3.80334
-3.80304
-3.8006
-3.79899
-3.79933
-3.79867
-3.79857
-3.79896
-3.79917
-3.79951
-3.79967
-3.79998
-3.80031
-3.80037
-3.80146
-3.80162
-3.80147
-3.80213
-3.80167
-3.80179
-3.80145
-3.8008
-3.80011
-3.80025
-3.79898
-3.79896
-3.7988
-3.79857
-3.7984
-3.79759
-3.7979
-3.79821
-3.79858
-3.79859
-3.79831
-3.79834
-3.79802
-3.79721
-3.7971
-3.79582
-3.79596
-3.79509
-3.79478
-3.79451
-3.79546
-3.79569
-3.7955
-3.7961
-3.79777
-3.79807
-3.79789
-3.79906
-3.79859
-3.79838
-3.79909
-3.79866
-3.79866
-3.79819
-3.79823
-3.79773
-3.79585
-3.79566
-3.79581
-3.79507
-3.79578
-3.79536
-3.79585
-3.79647
-3.79705
-3.79758
-3.79843
-3.79881
-3.79898
-3.79878
-3.79862
-3.79894
-3.79972
-3.79987
-3.80042
-3.79986
-3.79951
-3.79889
-3.79841
-3.79806
-3.79857
-3.79824
-3.79718
-3.79747
-3.79772
-3.79778
-3.79784
-3.79753
-3.79682
-3.79669
-3.79686
-3.79805
-3.79813
-3.79697
-3.79726
-3.79701
-3.79684
-3.79795
-3.79785
-3.79723
-3.79831
-3.797
-3.79589
-3.79612
-3.79612
-3.79601
-3.79476
-3.79481
-3.79495
-3.79517
-3.79469
-3.79518
-3.79506
-3.79486
-3.79377
-3.79386
-3.79424
-3.79432
-3.79378
-3.79307
-3.79325
-3.79418
-3.79493
-3.79576
-3.79596
-3.7977
-3.79794
-3.79777
-3.7968
-3.79734
-3.79772
-3.79731
-3.79756
-3.7983
-3.79788
-3.79762
-3.79777
-3.79814
-3.79814
-3.7992
-3.79951
-3.80002
-3.80022
-3.80085
-3.80105
-3.80116
-3.80188
-3.8016
-3.80093
-3.8012
-3.80069
-3.80117
-3.8005
-3.80035
-3.79911
-3.79887
-3.79975
-3.80051
-3.80186
-3.80253
-3.80281
-3.80205
-3.80179
-3.80124
-3.80058
-3.79936
-3.79888
-3.79908
-3.79953
-3.79963
-3.79932
-3.79929
-3.79904
-3.80066
-3.80172
-3.80207
-3.80227
-3.80274
-3.80337
-3.80391
-3.80338
-3.80362
-3.80317
-3.802
-3.80153
-3.79955
-3.79797
-3.79686
-3.7971
-3.79742
-3.79714
-3.79705
-3.79849
-3.79993
-3.7998
-3.80122
-3.79952
-3.79863
-3.79778
-3.79759
-3.79718
-3.79639
-3.79573
-3.79572
-3.79594
-3.7943
-3.79497
-3.79572
-3.79562
-3.79584
-3.79479
-3.79415
-3.7948
-3.79477
-3.79419
-3.7957
-3.7957
-3.79627
-3.79614
-3.79647
-3.79709
-3.79738
-3.7975
-3.79708
-3.79717
-3.79852
-3.79928
-3.8005
-3.80015
-3.79983
-3.79942
-3.79879
-3.79889
-3.79883
-3.79851
-3.79811
-3.7965
-3.79712
-3.79705
-3.79811
-3.79911
-3.7998
-3.80016
-3.79951
-3.80024
-3.79936
-3.79847
-3.79965
-3.7998
-3.80103
-3.80051
-3.79836
-3.79872
-3.79739
-3.7962
-3.79571
-3.7953
-3.79565
-3.7952
-3.79593
-3.79587
-3.7956
-3.79678
-3.79745
-3.79796
-3.79903
-3.80024
-3.80189
-3.80128
-3.80176
-3.80223
-3.80175
-3.80196
-3.8018
-3.80212
-3.80251
-3.80336
-3.80309
-3.80264
-3.80237
-3.8009
-3.79963
-3.79978
-3.79946
-3.79931
-3.80157
-3.80221
-3.8024
-3.80285
-3.80206
-3.79999
-3.8002
-3.80041
-3.80146
-3.8022
-3.8027
-3.80357
-3.80349
-3.80276
-3.803
-3.80249
-3.80166
-3.80055
-3.80002
-3.80034
-3.79982
-3.79864
-3.79888
-3.79893
-3.7994
-3.7993
-3.79906
-3.79884
-3.79734
-3.7972
-3.79788
-3.79836
-3.79854
-3.79858
-3.79923
-3.79922
-3.80044
-3.80023
-3.80045
-3.80118
-3.80222
-3.80235
-3.80287
-3.80181
-3.8015
-3.80133
-3.80176
-3.80172
-3.80073
-3.79975
-3.79958
-3.79896
-3.79888
-3.79919
-3.8002
-3.80004
-3.80033
-3.79997
-3.80061
-3.80072
-3.80034
-3.79937
-3.79908
-3.79938
-3.79893
-3.7994
-3.79919
-3.80058
-3.80191
-3.80161
-3.79996
-3.80004
-3.79997
-3.79911
-3.79965
-3.79853
-3.79806
-3.7983
-3.79803
-3.79868
-3.79893
-3.7996
-3.79927
-3.7993
-3.79851
-3.7977
-3.79826
-3.79848
-3.79923
-3.79959
-3.79843
-3.79859
-3.79846
-3.7986
-3.79892
-3.80038
-3.8014
-3.80164
-3.80245
-3.80204
-3.80108
-3.79968
-3.79939
-3.79884
-3.79997
-3.8003
-3.79975
-3.80033
-3.79971
-3.79892
-3.79879
-3.79733
-3.79661
-3.79746
-3.79759
-3.79747
-3.79684
-3.79715
-3.79653
-3.79668
-3.79714
-3.7974
-3.79787
-3.79746
-3.79782
-3.79876
-3.79867
-3.79916
-3.79888
-3.7976
-3.79692
-3.7961
-3.79709
-3.79696
-3.79617
-3.79651
-3.79589
-3.79451
-3.79515
-3.7952
-3.79585
-3.79593
-3.79766
-3.79891
-3.79872
-3.79926
-3.79826
-3.79818
-3.79891
-3.79867
-3.79809
-3.79803
-3.79803
-3.79758
-3.79686
-3.79639
-3.79566
-3.79416
-3.79511
-3.79486
-3.79598
-3.79674
-3.79749
-3.79755
-3.7973
-3.79691
-3.79767
-3.79742
-3.79681
-3.79747
-3.79756
-3.79897
-3.79853
-3.79926
-3.79924
-3.79953
-3.79965
-3.79911
-3.79881
-3.79938
-3.79953
-3.79935
-3.79857
-3.79943
-3.79957
-3.79998
-3.79998
-3.80001
-3.79903
-3.79869
-3.79764
-3.79754
-3.7974
-3.79697
-3.79606
-3.79567
-3.79614
-3.79626
-3.79652
-3.79651
-3.79671
-3.79779
-3.79759
-3.79804
-3.79844
-3.79823
-3.79734
-3.79602
-3.79618
-3.79577
-3.79707
-3.79752
-3.79799
-3.79845
-3.79898
-3.79952
-3.80105
-3.80083
-3.80293
-3.80193
-3.80252
-3.80136
-3.80056
-3.79995
-3.79935
-3.79814
-3.79716
-3.79597
-3.79481
-3.7929
-3.79228
-3.79192
-3.79322
-3.79379
-3.79511
-3.7954
-3.79577
-3.7964
-3.79773
-3.79801
-3.7983
-3.79871
-3.79816
-3.79964
-3.80018
-3.8006
-3.80054
-3.79952
-3.80061
-3.79982
-3.8001
-3.80059
-3.8001
-3.79815
-3.7985
-3.79766
-3.79699
-3.79605
-3.79635
-3.79623
-3.79571
-3.79629
-3.79616
-3.79531
-3.79555
-3.79493
-3.7939
-3.79524
-3.79368
-3.79543
-3.79639
-3.79711
-3.79778
-3.79889
-3.79991
-3.79882
-3.79939
-3.79987
-3.80033
-3.79984
-3.79927
-3.79807
-3.79837
-3.79908
-3.79863
-3.79946
-3.7992
-3.79931
-3.79923
-3.79983
-3.80113
-3.80069
-3.80112
-3.80149
-3.80077
-3.801
-3.80055
-3.80067
-3.79941
-3.79876
-3.79966
-3.79879
-3.79892
-3.79793
-3.79853
-3.79933
-3.79966
-3.79888
-3.79921
-3.79794
-3.79827
-3.79826
-3.79822
-3.7973
-3.79705
-3.79733
-3.79756
-3.7977
-3.79786
-3.79862
-3.79873
-3.79927
-3.79979
-3.79988
-3.79927
-3.79947
-3.79953
-3.79937
-3.79951
-3.79884
-3.79859
-3.79741
-3.79671
-3.79628
-3.79559
-3.79388
-3.79399
-3.79421
-3.79518
-3.79545
-3.79572
-3.79675
-3.7977
-3.79788
-3.79735
-3.79682
-3.79647
-3.79589
-3.79615
-3.79638
-3.79539
-3.79496
-3.79531
-3.79571
-3.797
-3.79731
-3.79721
-3.79726
-3.7978
-3.79925
-3.79897
-3.79909
-3.79964
-3.79945
-3.79784
-3.79798
-3.79773
-3.79774
-3.79808
-3.79915
-3.79952
-3.80127
-3.80164
-3.80264
-3.80304
-3.80261
-3.80284
-3.80173
-3.80177
-3.80179
-3.80134
-3.80113
-3.80169
-3.80235
-3.80211
-3.80171
-3.80135
-3.80128
-3.80132
-3.80229
-3.8015
-3.80086
-3.80149
-3.80162
-3.80145
-3.8013
-3.80076
-3.80102
-3.80094
-3.80128
-3.80149
-3.80161
-3.80095
-3.80113
-3.79977
-3.79939
-3.7989
-3.79887
-3.79922
-3.79948
-3.79914
-3.8004
-3.80065
-3.80092
-3.80195
-3.8023
-3.80283
-3.80334
-3.80219
-3.80169
-3.80191
-3.8008
-3.80038
-3.80109
-3.80077
-3.80013
-3.80048
-3.8017
-3.80095
-3.80115
-3.80142
-3.80144
-3.80029
-3.80026
-3.80122
-3.80092
-3.801
-3.80121
-3.80083
-3.80131
-3.80179
-3.80117
-3.80134
-3.80079
-3.80156
-3.80188
-3.80145
-3.80154
-3.80134
-3.80167
-3.80072
-3.80107
-3.80078
-3.80069
-3.80011
-3.80055
-3.80012
-3.80093
-3.80039
-3.80083
-3.80074
-3.80033
-3.79984
-3.79915
-3.79922
-3.79884
-3.79876
-3.7988
-3.79865
-3.79828
-3.79781
-3.79739
-3.79567
-3.79557
-3.79521
-3.79542
-3.79536
-3.79475
-3.79477
-3.79481
-3.79512
-3.79548
-3.79669
-3.79685
-3.79712
-3.79689
-3.79621
-3.79693
-3.79682
-3.79695
-3.7957
-3.79553
-3.79579
-3.79542
-3.79545
-3.79685
-3.79828
-3.79992
-3.80033
-3.80099
-3.80117
-3.8013
-3.80117
-3.80128
-3.80007
-3.79918
-3.7988
-3.79884
-3.79913
-3.79949
-3.80002
-3.80041
-3.79974
-3.79922
-3.7984
-3.7979
-3.79635
-3.79715
-3.79547
-3.79577
-3.79666
-3.7962
-3.79676
-3.79613
-3.79549
-3.79626
-3.79481
-3.7946
-3.79416
-3.79386
-3.7936
-3.79325
-3.79384
-3.79469
-3.79559
-3.79641
-3.79704
-3.79754
-3.79776
-3.79758
-3.79691
-3.79766
-3.79584
-3.79486
-3.79372
-3.79243
-3.79185
-3.79221
-3.7927
-3.79228
-3.79238
-3.7925
-3.79253
-3.79383
-3.79512
-3.79447
-3.79494
-3.79568
-3.79591
-3.79543
-3.79548
-3.79413
-3.79403
-3.7942
-3.7938
-3.79334
-3.79242
-3.79273
-3.79234
-3.79199
-3.793
-3.79315
-3.79356
-3.79431
-3.79509
-3.79506
-3.79518
-3.79537
-3.79671
-3.79657
-3.79608
-3.7968
-3.7968
-3.79558
-3.79512
-3.7951
-3.79412
-3.79339
-3.79318
-3.79224
-3.7926
-3.79333
-3.7942
-3.79506
-3.79574
-3.79639
-3.79679
-3.79752
-3.79729
-3.7968
-3.79616
-3.79667
-3.79687
-3.79706
-3.79825
-3.79888
-3.7981
-3.7983
-3.79867
-3.79887
-3.79812
-3.79781
-3.79706
-3.79706
-3.79643
-3.79592
-3.79547
-3.79523
-3.79505
-3.79591
-3.79683
-3.79738
-3.79745
-3.79684
-3.79643
-3.79529
-3.79352
-3.79372
-3.7938
-3.79355
-3.79395
-3.79388
-3.7937
-3.79477
-3.79467
-3.79481
-3.79496
-3.79609
-3.79572
-3.79683
-3.79841
-3.79935
-3.80036
-3.80105
-3.80191
-3.80155
-3.79991
-3.79983
-3.80034
-3.80043
-3.79968
-3.79974
-3.79906
-3.79796
-3.79899
-3.79865
-3.7998
-3.80015
-3.80061
-3.80055
-3.80031
-3.80006
-3.80015
-3.79956
-3.79937
-3.79913
-3.79958
-3.79858
-3.79878
-3.79844
-3.79889
-3.7992
-3.79925
-3.79865
-3.79806
-3.79767
-3.79892
-3.79912
-3.7998
-3.80018
-3.79988
-3.79972
-3.80085
-3.80158
-3.80149
-3.80211
-3.8009
-3.80196
-3.8029
-3.80281
-3.80345
-3.80328
-3.80296
-3.80275
-3.80279
-3.80202
-3.80171
-3.80089
-3.80088
-3.80057
-3.80049
-3.79978
-3.79933
-3.8004
-3.80043
-3.80076
-3.79936
-3.79871
-3.79822
-3.79781
-3.79712
-3.79691
-3.79707
-3.79656
-3.79659
-3.79772
-3.79798
-3.79763
-3.79754
-3.79863
-3.79868
-3.79959
-3.80103
-3.80137
-3.79986
-3.79896
-3.79817
-3.7968
-3.79599
-3.79536
-3.793
-3.79291
-3.79304
-3.79361
-3.79404
-3.79427
-3.79524
-3.79666
-3.79756
-3.79856
-3.79965
-3.80022
-3.80081
-3.80122
-3.80069
-3.80119
-3.8002
-3.79911
-3.79811
-3.7983
-3.79836
-3.79667
-3.79617
-3.79574
-3.79543
-3.79527
-3.79538
-3.79577
-3.79656
-3.79754
-3.79788
-3.79899
-3.79924
-3.79876
-3.80003
-3.79922
-3.79999
-3.79984
-3.7992
-3.7987
-3.79889
-3.79851
-3.79801
-3.79782
-3.79701
-3.79772
-3.80007
-3.80039
-3.80074
-3.80054
-3.80047
-3.79907
-3.79806
-3.79702
-3.79668
-3.79646
-3.79572
-3.79514
-3.79602
-3.79513
-3.79505
-3.7969
-3.79815
-3.79954
-3.80106
-3.80193
-3.80203
-3.80214
-3.80233
-3.80192
-3.80234
-3.80151
-3.80114
-3.79962
-3.79973
-3.80089
-3.80087
-3.80175
-3.80167
-3.80261
-3.803
-3.80314
-3.8033
-3.80201
-3.80304
-3.80379
-3.80484
-3.80494
-3.8041
-3.80351
-3.80252
-3.80161
-3.802
-3.80117
-3.80096
-3.8
-3.79939
-3.79866
-3.7981
-3.79827
-3.79846
-3.79745
-3.79796
-3.79826
-3.79892
-3.79998
-3.79981
-3.80001
-3.7995
-3.799
-3.79834
-3.79841
-3.79766
-3.79837
-3.79921
-3.79916
-3.79898
-3.79791
-3.79765
-3.79711
-3.79491
-3.79441
-3.79356
-3.79332
-3.79371
-3.79403
-3.79502
-3.79511
-3.79478
-3.79597
-3.79604
-3.79511
-3.79525
-3.79504
-3.7942
-3.7925
-3.79248
-3.79221
-3.79288
-3.79368
-3.79477
-3.79575
-3.79626
-3.79805
-3.79886
-3.79998
-3.79928
-3.79965
-3.79989
-3.79901
-3.79832
-3.79659
-3.79668
-3.7972
-3.7974
-3.79763
-3.79791
-3.79693
-3.7978
-3.79796
-3.79822
-3.79876
-3.79888
-3.79965
-3.80079
-3.8006
-3.80105
-3.80178
-3.80063
-3.80074
-3.80014
-3.79973
-3.79969
-3.7993
-3.79858
-3.79742
-3.79659
-3.79656
-3.79722
-3.79618
-3.79544
-3.79558
-3.79519
-3.79421
-3.79469
-3.79539
-3.79479
-3.79371
-3.79376
-3.79367
-3.79442
-3.79478
-3.79495
-3.79505
-3.79616
-3.79665
-3.79654
-3.79603
-3.79523
-3.79335
-3.79396
-3.79321
-3.79337
-3.79277
-3.79301
-3.79312
-3.79366
-3.79371
-3.79388
-3.79254
-3.79426
-3.79465
-3.79565
-3.79614
-3.79705
-3.79662
-3.79754
-3.79853
-3.79981
-3.80044
-3.80056
-3.80013
-3.80045
-3.80154
-3.80177
-3.80159
-3.80119
-3.80063
-3.80014
-3.80066
-3.80009
-3.79949
-3.79943
-3.79904
-3.79785
-3.79765
-3.79719
-3.7973
-3.79822
-3.799
-3.79891
-3.79802
-3.79731
-3.7982
-3.79753
-3.79847
-3.7992
-3.80015
-3.80127
-3.80129
-3.80121
-3.80098
-3.80075
-3.80011
-3.79968
-3.7989
-3.79931
-3.79851
-3.79891
-3.79859
-3.79671
-3.79551
-3.79644
-3.79722
-3.79756
-3.79737
-3.79858
-3.79887
-3.79855
-3.79906
-3.79792
-3.79824
-3.79726
-3.7966
-3.7971
-3.79772
-3.79793
-3.79804
-3.79788
-3.79765
-3.79794
-3.79852
-3.79887
-3.79926
-3.7987
-3.79907
-3.79963
-3.79972
-3.7999
-3.80009
-3.80069
-3.8009
-3.80141
-3.80056
-3.79941
-3.79862
-3.79903
-3.79863
-3.7995
-3.8005
-3.80038
-3.80112
-3.80192
-3.80276
-3.80226
-3.80181
-3.80063
-3.79971
-3.79913
-3.79957
-3.79941
-3.79868
-3.79795
-3.79821
-3.79878
-3.79929
-3.79944
-3.79938
-3.79868
-3.79823
-3.79845
-3.79839
-3.79746
-3.79571
-3.79458
-3.79435
-3.79438
-3.79347
-3.7926
-3.79465
-3.79583
-3.79609
-3.79587
-3.79596
-3.79611
-3.79623
-3.79605
-3.79602
-3.79571
-3.79648
-3.79563
-3.79528
-3.79529
-3.79473
-3.79447
-3.79509
-3.79492
-3.79475
-3.79491
-3.79648
-3.79782
-3.79783
-3.79798
-3.79868
-3.79841
-3.79809
-3.79805
-3.79774
-3.7981
-3.79855
-3.8
-3.80031
-3.8017
-3.80198
-3.80153
-3.80163
-3.80018
-3.79918
-3.79837
-3.79692
-3.79837
-3.79795
-3.79753
-3.79669
-3.79799
-3.79793
-3.79811
-3.79817
-3.79892
-3.7985
-3.79852
-3.79869
-3.79827
-3.79733
-3.79726
-3.79675
-3.79662
-3.79693
-3.797
-3.79568
-3.79761
-3.79905
-3.79951
-3.80021
-3.80002
-3.80032
-3.80093
-3.80124
-3.80031
-3.8002
-3.79966
-3.79873
-3.79893
-3.79896
-3.79969
-3.79924
-3.79784
-3.79692
-3.79773
-3.79814
-3.79886
-3.79927
-3.79827
-3.79798
-3.79764
-3.79622
-3.79541
-3.79514
-3.79432
-3.79472
-3.79559
-3.7964
-3.79814
-3.79778
-3.79807
-3.79915
-3.79904
-3.8005
-3.80086
-3.80059
-3.79976
-3.79967
-3.79856
-3.79744
-3.79686
-3.79624
-3.79681
-3.79843
-3.79903
-3.59255
-3.59229
-3.5918
-3.58971
-3.58836
-3.58833
-3.58788
-3.58899
-3.58891
-3.58958
-3.59031
-3.5906
-3.58987
-3.58971
-3.58862
-3.58821
-3.58838
-3.58885
-3.58777
-3.58766
-3.58708
-3.58765
-3.58694
-3.58843
-3.58824
-3.58842
-3.58737
-3.58737
-3.58808
-3.58772
-3.58893
-3.58868
-3.58794
-3.5872
-3.58765
-3.58752
-3.58808
-3.58645
-3.58598
-3.58575
-3.58472
-3.58413
-3.58446
-3.58533
-3.58666
-3.58819
-3.58918
-3.59046
-3.59135
-3.59129
-3.59097
-3.59095
-3.59176
-3.59166
-3.59023
-3.58915
-3.58811
-3.58789
-3.58801
-3.58752
-3.58699
-3.58653
-3.586
-3.58636
-3.58576
-3.58567
-3.58533
-3.58698
-3.58874
-3.59058
-3.59315
-3.59496
-3.59551
-3.59491
-3.59354
-3.5925
-3.59114
-3.59012
-3.58966
-3.5902
-3.58997
-3.58904
-3.58875
-3.58929
-3.58858
-3.58809
-3.5875
-3.58813
-3.58933
-3.58934
-3.58975
-3.59147
-3.59159
-3.5923
-3.59273
-3.59293
-3.59221
-3.59174
-3.59077
-3.59148
-3.59174
-3.59166
-3.59164
-3.5914
-3.59288
-3.59432
-3.59509
-3.59482
-3.59347
-3.59323
-3.59183
-3.59172
-3.59106
-3.58997
-3.59113
-3.59028
-3.59125
-3.59136
-3.59174
-3.59162
-3.59194
-3.59076
-3.59041
-3.58972
-3.58875
-3.58912
-3.58868
-3.58855
-3.58856
-3.58948
-3.58946
-3.58984
-3.58975
-3.58856
-3.58754
-3.58622
-3.58581
-3.58647
-3.58637
-3.58646
-3.58655
-3.58671
-3.58814
-3.58928
-3.59006
-3.59076
-3.59288
-3.59261
-3.59295
-3.593
-3.59261
-3.59175
-3.59175
-3.59096
-3.59067
-3.58967
-3.58935
-3.58934
-3.58993
-3.58935
-3.58928
-3.58977
-3.58999
-3.58932
-3.5891
-3.58935
-3.58874
-3.5887
-3.58783
-3.58728
-3.58771
-3.58766
-3.5883
-3.58893
-3.59008
-3.591
-3.59149
-3.59132
-3.59201
-3.5909
-3.58889
-3.58861
-3.58831
-3.58788
-3.58822
-3.58867
-3.58818
-3.58797
-3.58823
-3.58914
-3.58907
-3.58802
-3.58673
-3.58644
-3.58731
-3.58871
-3.58916
-3.58942
-3.58961
-3.58949
-3.58864
-3.5895
-3.58973
-3.58948
-3.59058
-3.59134
-3.59157
-3.59212
-3.59268
-3.59332
-3.5928
-3.59259
-3.59223
-3.59239
-3.59264
-3.59305
-3.59278
-3.59322
-3.59308
-3.59247
-3.59232
-3.5922
-3.59156
-3.59228
-3.59189
-3.59202
-3.59278
-3.59444
-3.59443
-3.59441
-3.59437
-3.59351
-3.59357
-3.59211
-3.59286
-3.59225
-3.59187
-3.59209
-3.59145
-3.59116
-3.59073
-3.59113
-3.59093
-3.59079
-3.58995
-3.59039
-3.59077
-3.59037
-3.58967
-3.5887
-3.589
-3.58958
-3.59057
-3.59166
-3.59155
-3.5918
-3.59145
-3.59161
-3.59083
-3.59129
-3.59168
-3.59141
-3.5912
-3.59127
-3.59185
-3.59154
-3.59068
-3.59008
-3.58994
-3.58977
-3.58952
-3.58945
-3.5888
-3.58777
-3.58674
-3.5864
-3.58667
-3.58667
-3.5875
-3.58676
-3.58843
-3.58954
-3.59126
-3.59261
-3.5945
-3.59601
-3.5957
-3.59519
-3.59457
-3.59454
-3.59394
-3.59314
-3.59255
-3.59298
-3.59267
-3.59201
-3.59262
-3.59239
-3.59312
-3.5915
-3.59088
-3.59101
-3.5909
-3.59063
-3.5898
-3.58946
-3.59016
-3.59002
-3.58987
-3.58918
-3.58945
-3.59067
-3.59061
-3.59005
-3.58937
-3.59042
-3.59142
-3.59099
-3.59121
-3.59162
-3.59164
-3.59191
-3.59118
-3.59189
-3.5925
-3.59217
-3.59062
-3.59085
-3.58957
-3.58939
-3.58881
-3.58907
-3.58814
-3.58863
-3.58982
-3.59004
-3.58796
-3.58635
-3.58681
-3.58688
-3.58667
-3.58761
-3.58798
-3.58789
-3.58847
-3.588
-3.58855
-3.5886
-3.58839
-3.58966
-3.59028
-3.5902
-3.59074
-3.59067
-3.59138
-3.59166
-3.5912
-3.59126
-3.59141
-3.59147
-3.59148
-3.59086
-3.5904
-3.59069
-3.59095
-3.59097
-3.59195
-3.59122
-3.59103
-3.59052
-3.59013
-3.59123
-3.59274
-3.59391
-3.59365
-3.59375
-3.59221
-3.5905
-3.58916
-3.58791
-3.58764
-3.58786
-3.5894
-3.59072
-3.59176
-3.59228
-3.59177
-3.59043
-3.59101
-3.59029
-3.59062
-3.59098
-3.59163
-3.59259
-3.59353
-3.59403
-3.594
-3.59435
-3.59455
-3.5942
-3.5937
-3.59322
-3.59276
-3.59228
-3.59174
-3.59163
-3.59233
-3.59135
-3.59182
-3.59187
-3.59213
-3.59254
-3.5924
-3.59142
-3.59107
-3.59058
-3.58985
-3.58966
-3.58943
-3.58928
-3.58946
-3.58987
-3.58939
-3.5888
-3.58882
-3.58808
-3.58782
-3.58813
-3.58925
-3.59133
-3.59103
-3.59181
-3.59145
-3.59173
-3.5908
-3.59128
-3.59
-3.58923
-3.58825
-3.58759
-3.58602
-3.58527
-3.58533
-3.58592
-3.58755
-3.5893
-3.58899
-3.59066
-3.59013
-3.59021
-3.59022
-3.5899
-3.58926
-3.58932
-3.58888
-3.58907
-3.58965
-3.58973
-3.59063
-3.59011
-3.58991
-3.59067
-3.59047
-3.59014
-3.59167
-3.59159
-3.59061
-3.59031
-3.5902
-3.59017
-3.59023
-3.59173
-3.59204
-3.59226
-3.59213
-3.59117
-3.59073
-3.58924
-3.58817
-3.58805
-3.58753
-3.58819
-3.58923
-3.58965
-3.59039
-3.59193
-3.59337
-3.59422
-3.59404
-3.59248
-3.59191
-3.59113
-3.59039
-3.59006
-3.59072
-3.59223
-3.59287
-3.59277
-3.59312
-3.59307
-3.59332
-3.59367
-3.59479
-3.59463
-3.59442
-3.59403
-3.59375
-3.5928
-3.59244
-3.59146
-3.59172
-3.59316
-3.5925
-3.59291
-3.59193
-3.59185
-3.59075
-3.58932
-3.58908
-3.58854
-3.5894
-3.58973
-3.59164
-3.5918
-3.59244
-3.59307
-3.59399
-3.59415
-3.59315
-3.59282
-3.59173
-3.59169
-3.59155
-3.59224
-3.59169
-3.59126
-3.59129
-3.5897
-3.5906
-3.59081
-3.59122
-3.59149
-3.5927
-3.59353
-3.59249
-3.59123
-3.59258
-3.59266
-3.59262
-3.59244
-3.59275
-3.59288
-3.59249
-3.59322
-3.59308
-3.59337
-3.59438
-3.59474
-3.59366
-3.59378
-3.59184
-3.59228
-3.59209
-3.59205
-3.59362
-3.59285
-3.59321
-3.59341
-3.5925
-3.59205
-3.59158
-3.59122
-3.59126
-3.59111
-3.59081
-3.59088
-3.59045
-3.58997
-3.59079
-3.5909
-3.59132
-3.59157
-3.59208
-3.59118
-3.59155
-3.59056
-3.59034
-3.58961
-3.5891
-3.58914
-3.5901
-3.59132
-3.5923
-3.59228
-3.59246
-3.59261
-3.59267
-3.59321
-3.59308
-3.59428
-3.59437
-3.59375
-3.59434
-3.59402
-3.5935
-3.59301
-3.59209
-3.59107
-3.59055
-3.58975
-3.59014
-3.59007
-3.59058
-3.59093
-3.5926
-3.59329
-3.59276
-3.593
-3.59184
-3.59122
-3.59154
-3.59135
-3.59128
-3.59195
-3.59199
-3.59159
-3.59209
-3.59381
-3.59242
-3.59386
-3.59346
-3.59294
-3.59199
-3.59131
-3.59025
-3.59063
-3.59025
-3.59016
-3.59046
-3.5906
-3.59072
-3.59027
-3.59083
-3.59154
-3.59202
-3.59211
-3.59157
-3.5919
-3.59212
-3.59189
-3.59177
-3.59152
-3.59215
-3.59236
-3.59366
-3.59369
-3.59275
-3.59241
-3.59189
-3.59223
-3.59174
-3.59216
-3.59154
-3.59167
-3.59256
-3.59269
-3.59371
-3.59397
-3.59371
-3.59156
-3.59178
-3.59222
-3.59075
-3.59056
-3.58934
-3.58941
-3.58977
-3.59016
-3.59076
-3.59226
-3.5936
-3.59476
-3.59484
-3.59561
-3.59528
-3.59631
-3.59631
-3.59605
-3.59585
-3.59556
-3.59414
-3.5939
-3.59371
-3.59381
-3.59425
-3.59366
-3.59303
-3.59331
-3.59394
-3.59438
-3.59476
-3.59406
-3.59279
-3.59208
-3.59213
-3.59103
-3.59126
-3.5923
-3.59241
-3.59213
-3.59281
-3.59361
-3.59627
-3.59656
-3.59745
-3.5977
-3.59632
-3.59562
-3.59478
-3.59361
-3.59376
-3.59442
-3.59577
-3.59628
-3.59578
-3.59584
-3.59512
-3.59458
-3.59438
-3.59445
-3.5933
-3.59433
-3.59413
-3.59472
-3.59421
-3.59528
-3.59582
-3.5969
-3.59717
-3.5971
-3.59673
-3.59711
-3.59659
-3.59595
-3.59604
-3.5956
-3.59443
-3.59448
-3.59429
-3.59344
-3.5935
-3.59269
-3.59272
-3.59256
-3.59283
-3.59297
-3.59312
-3.59338
-3.59292
-3.59296
-3.59343
-3.59325
-3.59326
-3.59337
-3.59258
-3.59139
-3.59159
-3.59093
-3.59087
-3.59033
-3.58914
-3.58945
-3.58949
-3.58948
-3.59005
-3.59026
-3.59064
-3.58947
-3.58882
-3.58872
-3.58967
-3.58976
-3.58989
-3.58986
-3.59068
-3.59053
-3.59034
-3.58998
-3.59055
-3.591
-3.59135
-3.59186
-3.59117
-3.59088
-3.59021
-3.59127
-3.59154
-3.59196
-3.59201
-3.59228
-3.59156
-3.59202
-3.59148
-3.59094
-3.59076
-3.59105
-3.59211
-3.5916
-3.59203
-3.59188
-3.59201
-3.59116
-3.59179
-3.59044
-3.59001
-3.58893
-3.58916
-3.59002
-3.59121
-3.59093
-3.59049
-3.59052
-3.59089
-3.59087
-3.59076
-3.59022
-3.58964
-3.58874
-3.58847
-3.58729
-3.58537
-3.58528
-3.58538
-3.5856
-3.58624
-3.58731
-3.58735
-3.58651
-3.58738
-3.58807
-3.58821
-3.58887
-3.59015
-3.59043
-3.58995
-3.59068
-3.59057
-3.59019
-3.5902
-3.59013
-3.59122
-3.59172
-3.59128
-3.59017
-3.58945
-3.58912
-3.58877
-3.58995
-3.5905
-3.58967
-3.59019
-3.59052
-3.59064
-3.59095
-3.59102
-3.59154
-3.59239
-3.59223
-3.59177
-3.59239
-3.59265
-3.5921
-3.5916
-3.5915
-3.59072
-3.58935
-3.58814
-3.58663
-3.587
-3.58745
-3.58843
-3.58948
-3.58954
-3.59129
-3.59218
-3.5926
-3.59401
-3.59364
-3.5942
-3.59379
-3.59264
-3.59279
-3.59365
-3.59406
-3.59343
-3.5929
-3.59167
-3.59108
-3.58939
-3.5892
-3.59053
-3.59079
-3.59135
-3.5911
-3.59186
-3.59268
-3.59379
-3.59311
-3.59279
-3.59177
-3.59224
-3.59131
-3.59153
-3.59014
-3.59071
-3.5916
-3.5923
-3.5934
-3.59428
-3.59536
-3.59573
-3.5969
-3.59822
-3.59793
-3.59705
-3.59569
-3.59471
-3.59362
-3.59231
-3.59169
-3.59097
-3.59143
-3.59224
-3.59214
-3.59373
-3.59381
-3.5933
-3.59321
-3.59215
-3.59292
-3.59164
-3.59188
-3.59354
-3.59417
-3.59532
-3.59477
-3.59607
-3.59635
-3.59646
-3.59624
-3.59556
-3.59417
-3.59306
-3.592
-3.5915
-3.59049
-3.59062
-3.5905
-3.59058
-3.58996
-3.58958
-3.58824
-3.58773
-3.58876
-3.5883
-3.58852
-3.5898
-3.59023
-3.59139
-3.59274
-3.59342
-3.5944
-3.59417
-3.59341
-3.59382
-3.59355
-3.59246
-3.5911
-3.59047
-3.58983
-3.59006
-3.58981
-3.59069
-3.59121
-3.59196
-3.59235
-3.59154
-3.59181
-3.59065
-3.59071
-3.59044
-3.58977
-3.58851
-3.58886
-3.58862
-3.58963
-3.5902
-3.59099
-3.59201
-3.59173
-3.59213
-3.59189
-3.59191
-3.59229
-3.5907
-3.59046
-3.59056
-3.59052
-3.59014
-3.59072
-3.59108
-3.59069
-3.59041
-3.59022
-3.59077
-3.59083
-3.59073
-3.59059
-3.59223
-3.59164
-3.59185
-3.5914
-3.59098
-3.58963
-3.58912
-3.58712
-3.58658
-3.58792
-3.58845
-3.58991
-3.59128
-3.59229
-3.59348
-3.59319
-3.59348
-3.59107
-3.5912
-3.58972
-3.58893
-3.58795
-3.58861
-3.58945
-3.58929
-3.58963
-3.59049
-3.59094
-3.59235
-3.59252
-3.59346
-3.59254
-3.59111
-3.58948
-3.58896
-3.5902
-3.59051
-3.59106
-3.59162
-3.59236
-3.59313
-3.5934
-3.59349
-3.59329
-3.5936
-3.59295
-3.59343
-3.5934
-3.59351
-3.5934
-3.59386
-3.59372
-3.59414
-3.59546
-3.59691
-3.59797
-3.59855
-3.59739
-3.59686
-3.5965
-3.59574
-3.59543
-3.59484
-3.59508
-3.59426
-3.59391
-3.59361
-3.59225
-3.59172
-3.59211
-3.5921
-3.59212
-3.59221
-3.59197
-3.59207
-3.59146
-3.59171
-3.59214
-3.59202
-3.59295
-3.59326
-3.59235
-3.59122
-3.59067
-3.59158
-3.59194
-3.59198
-3.59214
-3.59255
-3.5926
-3.593
-3.5927
-3.59442
-3.59456
-3.59404
-3.59409
-3.59384
-3.59466
-3.59446
-3.5957
-3.59626
-3.59522
-3.59406
-3.59499
-3.59452
-3.59491
-3.59403
-3.59472
-3.59406
-3.59384
-3.59271
-3.59317
-3.59329
-3.59261
-3.59288
-3.59288
-3.593
-3.59379
-3.59456
-3.59546
-3.59591
-3.59665
-3.59654
-3.59654
-3.59722
-3.59634
-3.59664
-3.59567
-3.59444
-3.5939
-3.59305
-3.59298
-3.59224
-3.59095
-3.59213
-3.59317
-3.59328
-3.59389
-3.59378
-3.59298
-3.59171
-3.59114
-3.59048
-3.5904
-3.59094
-3.59068
-3.59108
-3.59151
-3.59134
-3.59164
-3.59151
-3.5925
-3.59209
-3.59227
-3.59149
-3.59182
-3.59125
-3.59174
-3.5924
-3.59202
-3.59273
-3.59295
-3.59333
-3.59357
-3.59325
-3.59236
-3.5919
-3.59103
-3.58981
-3.58871
-3.58844
-3.58868
-3.58911
-3.58907
-3.58878
-3.58935
-3.58999
-3.59113
-3.59176
-3.59232
-3.59138
-3.58936
-3.58848
-3.58744
-3.58874
-3.58869
-3.5888
-3.59007
-3.59024
-3.59149
-3.59299
-3.59302
-3.59413
-3.59398
-3.59377
-3.59268
-3.5928
-3.59174
-3.59134
-3.59103
-3.59025
-3.5889
-3.58983
-3.58851
-3.58781
-3.58609
-3.58544
-3.5853
-3.58582
-3.58617
-3.58587
-3.58596
-3.58706
-3.58813
-3.58848
-3.58937
-3.58918
-3.58892
-3.58916
-3.58709
-3.58685
-3.58564
-3.58689
-3.58588
-3.58654
-3.58637
-3.5873
-3.58807
-3.58827
-3.58759
-3.58697
-3.58792
-3.58705
-3.58647
-3.5872
-3.58825
-3.58963
-3.58916
-3.58882
-3.58834
-3.58658
-3.58558
-3.58499
-3.58508
-3.58534
-3.58628
-3.5862
-3.5867
-3.58697
-3.58851
-3.58783
-3.58646
-3.58521
-3.58577
-3.58562
-3.58425
-3.58441
-3.58613
-3.58749
-3.58961
-3.59139
-3.59198
-3.59091
-3.58984
-3.58875
-3.58697
-3.58677
-3.58671
-3.58699
-3.5867
-3.58709
-3.58728
-3.58833
-3.58807
-3.5888
-3.58978
-3.59051
-3.59113
-3.59165
-3.59142
-3.59138
-3.59082
-3.59013
-3.58997
-3.59002
-3.59037
-3.59065
-3.58939
-3.58935
-3.59045
-3.58951
-3.59055
-3.58984
-3.59037
-3.59035
-3.59049
-3.58952
-3.58913
-3.58926
-3.58923
-3.58911
-3.58947
-3.58962
-3.58826
-3.5882
-3.5878
-3.58721
-3.58697
-3.58732
-3.58928
-3.58933
-3.58942
-3.59047
-3.59019
-3.59023
-3.5897
-3.58922
-3.58901
-3.58809
-3.58679
-3.58738
-3.58863
-3.58972
-3.59088
-3.59195
-3.59236
-3.59185
-3.59226
-3.59101
-3.59159
-3.59067
-3.59001
-3.58907
-3.58894
-3.5891
-3.58935
-3.58913
-3.58988
-3.58987
-3.59003
-3.59009
-3.58998
-3.58904
-3.5895
-3.5907
-3.59118
-3.5921
-3.59336
-3.59466
-3.59587
-3.59644
-3.59752
-3.59861
-3.59863
-3.5988
-3.59783
-3.59599
-3.59497
-3.59312
-3.59415
-3.59478
-3.59505
-3.59589
-3.5953
-3.59584
-3.59635
-3.59484
-3.59546
-3.5947
-3.59322
-3.59255
-3.59236
-3.59179
-3.59255
-3.59278
-3.59262
-3.59229
-3.59243
-3.59272
-3.59222
-3.59308
-3.59244
-3.59233
-3.59325
-3.59357
-3.59326
-3.59307
-3.59229
-3.59174
-3.58998
-3.58959
-3.58892
-3.5878
-3.58759
-3.58742
-3.589
-3.58955
-3.5894
-3.59053
-3.59089
-3.59262
-3.59273
-3.59339
-3.59414
-3.59482
-3.59381
-3.59369
-3.59316
-3.59232
-3.59214
-3.59088
-3.59054
-3.59108
-3.59107
-3.59084
-3.59032
-3.59043
-3.58976
-3.58972
-3.58975
-3.5898
-3.59158
-3.59182
-3.59265
-3.59344
-3.594
-3.59391
-3.59368
-3.59396
-3.59256
-3.59033
-3.59004
-3.58798
-3.58725
-3.58576
-3.58447
-3.5854
-3.58578
-3.58741
-3.58958
-3.59149
-3.59375
-3.5949
-3.59556
-3.59495
-3.59567
-3.59451
-3.59287
-3.59119
-3.58987
-3.58833
-3.58653
-3.58599
-3.58625
-3.58729
-3.58788
-3.58822
-3.58883
-3.58856
-3.58833
-3.58886
-3.5882
-3.58717
-3.58818
-3.58759
-3.58722
-3.5873
-3.58792
-3.58953
-3.59012
-3.59031
-3.59116
-3.59126
-3.59057
-3.58964
-3.58881
-3.58819
-3.58803
-3.5884
-3.58822
-3.58875
-3.58823
-3.58843
-3.58802
-3.58799
-3.58807
-3.58832
-3.58933
-3.59087
-3.59159
-3.59282
-3.59336
-3.59399
-3.59463
-3.59572
-3.59531
-3.59516
-3.59436
-3.59381
-3.59277
-3.59127
-3.59092
-3.59025
-3.59011
-3.59098
-3.59275
-3.59456
-3.59557
-3.59647
-3.59614
-3.59721
-3.59714
-3.59588
-3.59547
-3.59388
-3.59296
-3.59217
-3.59177
-3.5917
-3.59329
-3.59345
-3.5923
-3.59219
-3.59288
-3.59331
-3.59318
-3.59258
-3.59245
-3.59267
-3.59253
-3.59109
-3.59081
-3.59028
-3.58946
-3.58958
-3.59072
-3.58983
-3.58898
-3.58861
-3.58853
-3.58936
-3.59024
-3.59103
-3.59222
-3.59234
-3.59304
-3.59267
-3.59215
-3.59137
-3.59205
-3.59168
-3.59075
-3.59044
-3.59057
-3.59029
-3.59066
-3.59154
-3.59109
-3.59056
-3.58973
-3.58994
-3.59034
-3.58933
-3.58897
-3.58979
-3.58983
-3.59021
-3.59048
-3.59077
-3.59058
-3.59039
-3.59131
-3.59088
-3.59104
-3.59229
-3.59394
-3.59542
-3.5962
-3.59447
-3.59434
-3.59336
-3.59223
-3.59135
-3.59065
-3.59023
-3.58971
-3.58949
-3.59048
-3.59046
-3.58976
-3.5902
-3.59112
-3.59177
-3.59201
-3.59197
-3.59311
-3.5918
-3.59175
-3.59109
-3.59062
-3.59078
-3.5907
-3.59064
-3.58953
-3.58882
-3.58802
-3.58741
-3.58709
-3.58675
-3.58801
-3.58819
-3.58932
-3.59
-3.59008
-3.59077
-3.59147
-3.59137
-3.59222
-3.59165
-3.59111
-3.59091
-3.58992
-3.58899
-3.58791
-3.58769
-3.58762
-3.58723
-3.58786
-3.58703
-3.58729
-3.58764
-3.58729
-3.58785
-3.589
-3.58943
-3.59016
-3.5908
-3.58973
-3.59005
-3.58822
-3.58682
-3.58573
-3.5848
-3.58446
-3.58386
-3.58468
-3.58766
-3.58817
-3.58904
-3.58987
-3.59049
-3.59131
-3.59124
-3.59205
-3.59196
-3.59152
-3.59165
-3.59284
-3.59277
-3.59267
-3.59294
-3.59293
-3.59322
-3.5937
-3.5939
-3.59455
-3.59438
-3.59519
-3.59572
-3.59649
-3.59632
-3.59555
-3.59565
-3.59557
-3.59449
-3.593
-3.59169
-3.59006
-3.58929
-3.58946
-3.58912
-3.58869
-3.58925
-3.59005
-3.58974
-3.59114
-3.59138
-3.5922
-3.59286
-3.59427
-3.59489
-3.59375
-3.59287
-3.59324
-3.59275
-3.59149
-3.59137
-3.58999
-3.58917
-3.58873
-3.58702
-3.58745
-3.5864
-3.58603
-3.5862
-3.58837
-3.59062
-3.59261
-3.59223
-3.59193
-3.59208
-3.59178
-3.59141
-3.59174
-3.59166
-3.59105
-3.59052
-3.59086
-3.59196
-3.59245
-3.59302
-3.59482
-3.5954
-3.59586
-3.59665
-3.59719
-3.5969
-3.59733
-3.59596
-3.59452
-3.59383
-3.59211
-3.59119
-3.59063
-3.58993
-3.59107
-3.5906
-3.59028
-3.59065
-3.59104
-3.59201
-3.59251
-3.59357
-3.59325
-3.59482
-3.59509
-3.59453
-3.59395
-3.59327
-3.59197
-3.59178
-3.59105
-3.59082
-3.59108
-3.59216
-3.59301
-3.59246
-3.59321
-3.59327
-3.59367
-3.59408
-3.59435
-3.59454
-3.59509
-3.59594
-3.59543
-3.595
-3.59633
-3.59543
-3.59554
-3.59489
-3.59398
-3.59339
-3.59341
-3.59373
-3.59266
-3.59296
-3.59301
-3.59333
-3.5935
-3.59284
-3.5928
-3.59303
-3.59231
-3.59171
-3.59172
-3.59176
-3.59191
-3.5917
-3.59205
-3.59319
-3.59418
-3.59402
-3.59449
-3.59433
-3.59373
-3.59353
-3.59353
-3.59349
-3.59476
-3.59529
-3.59485
-3.59567
-3.59546
-3.59561
-3.5945
-3.59462
-3.59505
-3.59483
-3.59473
-3.59478
-3.59553
-3.59576
-3.59599
-3.59551
-3.5955
-3.59496
-3.59526
-3.59557
-3.59554
-3.5956
-3.59625
-3.59599
-3.59392
-3.59349
-3.59257
-3.59244
-3.59293
-3.59234
-3.59172
-3.59177
-3.59182
-3.5925
-3.59361
-3.59564
-3.59639
-3.59606
-3.59632
-3.59684
-3.59762
-3.59749
-3.5968
-3.59633
-3.5955
-3.5952
-3.59443
-3.5941
-3.59453
-3.59419
-3.59424
-3.59365
-3.59381
-3.59404
-3.59351
-3.59333
-3.59356
-3.59448
-3.59498
-3.59677
-3.5967
-3.59554
-3.59506
-3.59569
-3.5961
-3.59512
-3.59538
-3.59467
-3.5946
-3.59344
-3.59322
-3.59349
-3.59405
-3.59334
-3.59428
-3.59427
-3.59445
-3.59466
-3.59327
-3.59277
-3.59246
-3.59218
-3.59108
-3.59155
-3.592
-3.59107
-3.5909
-3.59085
-3.592
-3.593
-3.59421
-3.59547
-3.59702
-3.59681
-3.59639
-3.59513
-3.59424
-3.59191
-3.58962
-3.58833
-3.58809
-3.58772
-3.58711
-3.58629
-3.58646
-3.58621
-3.58655
-3.58682
-3.58822
-3.58955
-3.58986
-3.59104
-3.59184
-3.59106
-3.59183
-3.59276
-3.59384
-3.59552
-3.59625
-3.59648
-3.59647
-3.59642
-3.59595
-3.59304
-3.59216
-3.59175
-3.59038
-3.58981
-3.59004
-3.58866
-3.58941
-3.58912
-3.58889
-3.58831
-3.58903
-3.58952
-3.58986
-3.59079
-3.59077
-3.59068
-3.59055
-3.59023
-3.58995
-3.59061
-3.58988
-3.58907
-3.59004
-3.59061
-3.58903
-3.58782
-3.58802
-3.58757
-3.58656
-3.58623
-3.58597
-3.58578
-3.58609
-3.58613
-3.58765
-3.58799
-3.58885
-3.58997
-3.59068
-3.59237
-3.59184
-3.59178
-3.59101
-3.59014
-3.58939
-3.58996
-3.5911
-3.59053
-3.59057
-3.59154
-3.59167
-3.5919
-3.59108
-3.59177
-3.59068
-3.59094
-3.59075
-3.5913
-3.5917
-3.59058
-3.59003
-3.58972
-3.58951
-3.58918
-3.59033
-3.59002
-3.59073
-3.59153
-3.59218
-3.59285
-3.59387
-3.59468
-3.59325
-3.59291
-3.59432
-3.59333
-3.5929
-3.59157
-3.59058
-3.59066
-3.59058
-3.59142
-3.5917
-3.59056
-3.59027
-3.58978
-3.58907
-3.58884
-3.58888
-3.58886
-3.58946
-3.5888
-3.59012
-3.58988
-3.58961
-3.58845
-3.5881
-3.58937
-3.5891
-3.58766
-3.58698
-3.58726
-3.58707
-3.58667
-3.58581
-3.58538
-3.58561
-3.58631
-3.5855
-3.58651
-3.58764
-3.58792
-3.58733
-3.58659
-3.58575
-3.58427
-3.58467
-3.5852
-3.58684
-3.587
-3.58762
-3.5885
-3.58942
-3.59004
-3.59093
-3.5912
-3.59207
-3.59234
-3.59225
-3.59219
-3.59175
-3.59106
-3.59149
-3.59073
-3.59011
-3.59005
-3.59002
-3.59004
-3.58889
-3.58879
-3.58908
-3.58969
-3.59038
-3.59033
-3.59105
-3.59111
-3.59196
-3.59189
-3.59236
-3.59297
-3.59313
-3.59448
-3.59398
-3.59364
-3.59257
-3.59176
-3.59207
-3.59107
-3.59083
-3.58973
-3.59013
-3.59042
-3.59289
-3.59327
-3.5945
-3.59471
-3.59312
-3.59227
-3.59137
-3.59096
-3.5917
-3.59271
-3.59258
-3.59352
-3.59317
-3.59236
-3.59224
-3.5918
-3.59036
-3.58998
-3.58879
-3.58978
-3.58976
-3.59039
-3.59216
-3.59202
-3.59275
-3.59289
-3.59179
-3.59227
-3.59081
-3.59041
-3.58979
-3.5905
-3.59035
-3.59132
-3.58962
-3.59031
-3.58988
-3.58947
-3.58889
-3.58868
-3.5895
-3.58979
-3.58923
-3.58957
-3.58967
-3.58951
-3.58979
-3.58942
-3.58888
-3.58854
-3.58866
-3.5886
-3.58798
-3.58771
-3.58868
-3.58903
-3.58802
-3.58762
-3.58827
-3.58941
-3.59117
-3.59113
-3.58984
-3.59026
-3.58971
-3.59038
-3.59029
-3.59038
-3.59261
-3.59379
-3.59477
-3.5957
-3.59593
-3.59429
-3.59392
-3.59346
-3.59246
-3.59231
-3.5915
-3.59266
-3.59288
-3.59337
-3.59408
-3.59444
-3.59513
-3.59641
-3.59735
-3.59624
-3.59502
-3.59535
-3.59399
-3.59292
-3.5923
-3.59167
-3.59147
-3.59119
-3.59041
-3.58976
-3.58901
-3.58847
-3.58715
-3.58712
-3.58768
-3.58747
-3.58789
-3.58813
-3.58978
-3.5903
-3.59151
-3.5919
-3.59351
-3.5944
-3.59534
-3.59471
-3.59401
-3.59226
-3.5909
-3.59013
-3.58959
-3.58858
-3.58751
-3.58642
-3.5862
-3.58572
-3.58623
-3.58684
-3.58822
-3.58924
-3.59023
-3.5908
-3.59075
-3.59098
-3.5903
-3.58961
-3.58907
-3.5889
-3.58954
-3.5903
-3.59026
-3.59092
-3.59159
-3.59274
-3.59244
-3.59269
-3.59297
-3.59306
-3.59243
-3.59206
-3.59157
-3.59277
-3.59274
-3.59361
-3.59345
-3.59325
-3.59327
-3.59307
-3.59312
-3.59212
-3.59242
-3.59174
-3.59248
-3.59156
-3.59082
-3.59081
-3.59081
-3.59018
-3.59086
-3.59042
-3.59031
-3.59044
-3.58928
-3.5882
-3.58739
-3.58721
-3.58663
-3.58712
-3.58905
-3.59008
-3.59131
-3.59164
-3.59399
-3.59524
-3.59533
-3.59517
-3.59496
-3.59391
-3.5931
-3.5924
-3.5913
-3.59029
-3.59039
-3.59088
-3.59033
-3.59
-3.58929
-3.58926
-3.5882
-3.58844
-3.58795
-3.58797
-3.58783
-3.58954
-3.58947
-3.59129
-3.59122
-3.59088
-3.59143
-3.59131
-3.59159
-3.5924
-3.59212
-3.59205
-3.59205
-3.59223
-3.59152
-3.59153
-3.59205
-3.59284
-3.59339
-3.59406
-3.59336
-3.59293
-3.59216
-3.59272
-3.59214
-3.59233
-3.59238
-3.59251
-3.59378
-3.59407
-3.59474
-3.59496
-3.594
-3.5933
-3.5936
-3.59378
-3.59347
-3.59429
-3.5947
-3.59359
-3.59449
-3.59336
-3.59371
-3.59413
-3.59422
-3.59371
-3.59288
-3.59246
-3.59225
-3.59289
-3.59431
-3.59426
-3.59515
-3.59415
-3.59456
-3.59378
-3.59284
-3.59209
-3.59169
-3.5923
-3.59184
-3.59237
-3.59256
-3.59325
-3.59411
-3.5946
-3.59471
-3.59336
-3.59323
-3.59117
-3.59156
-3.59122
-3.59128
-3.59085
-3.59074
-3.5914
-3.59072
-3.58997
-3.58987
-3.58987
-3.58948
-3.58829
-3.58802
-3.58764
-3.58729
-3.588
-3.5895
-3.59017
-3.59094
-3.59031
-3.59019
-3.59027
-3.58932
-3.58939
-3.59062
-3.59055
-3.58986
-3.58958
-3.58899
-3.58846
-3.58921
-3.58985
-3.58966
-3.58987
-3.5901
-3.58868
-3.58735
-3.58652
-3.5857
-3.58567
-3.58663
-3.588
-3.58834
-3.58807
-3.58895
-3.58916
-3.59011
-3.59088
-3.59188
-3.59181
-3.59301
-3.59297
-3.59284
-3.59288
-3.59194
-3.59161
-3.59123
-3.59196
-3.59112
-3.59099
-3.59048
-3.59014
-3.58968
-3.58881
-3.58942
-3.5893
-3.58952
-3.58961
-3.59042
-3.59035
-3.59102
-3.59089
-3.59026
-3.59155
-3.59253
-3.59318
-3.59253
-3.59298
-3.59344
-3.5932
-3.59319
-3.59217
-3.58954
-3.58938
-3.58964
-3.59025
-3.58929
-3.58937
-3.58855
-3.58849
-3.58933
-3.59024
-3.58945
-3.58993
-3.58997
-3.58917
-3.58899
-3.58902
-3.58851
-3.58906
-3.58986
-3.59011
-3.5906
-3.59123
-3.59128
-3.59118
-3.59087
-3.59123
-3.59155
-3.59168
-3.59149
-3.59153
-3.59244
-3.5936
-3.5937
-3.5934
-3.59459
-3.59382
-3.59274
-3.5913
-3.59153
-3.59257
-3.59246
-3.5923
-3.59401
-3.5937
-3.5936
-3.50314
-3.50349
-3.50449
-3.50418
-3.50354
-3.50394
-3.50358
-3.50288
-3.50258
-3.50282
-3.50306
-3.50298
-3.50495
-3.50557
-3.50543
-3.50601
-3.50628
-3.50536
-3.50515
-3.50429
-3.50397
-3.50353
-3.50339
-3.50337
-3.50271
-3.50267
-3.50242
-3.50217
-3.5022
-3.50346
-3.50292
-3.50147
-3.50147
-3.5013
-3.50019
-3.49863
-3.4965
-3.49622
-3.49656
-3.49714
-3.49883
-3.49961
-3.50125
-3.5018
-3.50305
-3.50292
-3.5026
-3.50232
-3.50179
-3.50169
-3.50105
-3.50093
-3.50068
-3.50005
-3.50026
-3.50019
-3.50061
-3.50099
-3.50168
-3.50213
-3.50306
-3.50296
-3.50371
-3.50363
-3.50322
-3.50425
-3.50515
-3.50717
-3.50711
-3.50752
-3.50733
-3.50851
-3.50767
-3.50654
-3.5065
-3.50671
-3.50717
-3.50836
-3.50947
-3.51086
-3.51157
-3.51137
-3.5111
-3.51001
-3.50843
-3.50785
-3.50618
-3.50579
-3.50436
-3.50431
-3.50437
-3.50408
-3.50327
-3.50311
-3.50095
-3.50067
-3.49944
-3.49892
-3.49884
-3.49899
-3.49905
-3.49941
-3.50025
-3.50117
-3.5022
-3.50254
-3.50379
-3.50262
-3.50182
-3.5014
-3.50105
-3.49989
-3.49987
-3.50002
-3.50004
-3.49933
-3.49861
-3.498
-3.49764
-3.49915
-3.5002
-3.50114
-3.50217
-3.50323
-3.50203
-3.50207
-3.50199
-3.50122
-3.50082
-3.50064
-3.50013
-3.4993
-3.49918
-3.49908
-3.4988
-3.49774
-3.49688
-3.49734
-3.49719
-3.49685
-3.49738
-3.49786
-3.4978
-3.49824
-3.49935
-3.49959
-3.49892
-3.50092
-3.50275
-3.50366
-3.50407
-3.50324
-3.50219
-3.50154
-3.50157
-3.49954
-3.49871
-3.49867
-3.49817
-3.49825
-3.49893
-3.49885
-3.49793
-3.49988
-3.50063
-3.50096
-3.50102
-3.5002
-3.50029
-3.49872
-3.49834
-3.49762
-3.49722
-3.49661
-3.4961
-3.49533
-3.49543
-3.49637
-3.49727
-3.49732
-3.49718
-3.49672
-3.49706
-3.49747
-3.49842
-3.49995
-3.50045
-3.50259
-3.50353
-3.50357
-3.50425
-3.50413
-3.50388
-3.50341
-3.50372
-3.50212
-3.50137
-3.50099
-3.50094
-3.50087
-3.50001
-3.49959
-3.49907
-3.49925
-3.49987
-3.49957
-3.5006
-3.50135
-3.5022
-3.50173
-3.50157
-3.50171
-3.50129
-3.50085
-3.50062
-3.50039
-3.50049
-3.50118
-3.50249
-3.50264
-3.50127
-3.50065
-3.5001
-3.50026
-3.49952
-3.49883
-3.49888
-3.49855
-3.49915
-3.5005
-3.50115
-3.50242
-3.50351
-3.50319
-3.50292
-3.50228
-3.50151
-3.50147
-3.50029
-3.49988
-3.49897
-3.49827
-3.49879
-3.49788
-3.49841
-3.4999
-3.50095
-3.5005
-3.49955
-3.49856
-3.49716
-3.4969
-3.4961
-3.49753
-3.49712
-3.49741
-3.49776
-3.49934
-3.50011
-3.50042
-3.50093
-3.50157
-3.50184
-3.50158
-3.50124
-3.50071
-3.50024
-3.49947
-3.49878
-3.49824
-3.49849
-3.49906
-3.4994
-3.49945
-3.49948
-3.49878
-3.49963
-3.50002
-3.49928
-3.49935
-3.49934
-3.50021
-3.50034
-3.50037
-3.50013
-3.50111
-3.50148
-3.50196
-3.50222
-3.50224
-3.50145
-3.50121
-3.50066
-3.50025
-3.50074
-3.50121
-3.50076
-3.5014
-3.5006
-3.50052
-3.50072
-3.50055
-3.50064
-3.50009
-3.5004
-3.50143
-3.50167
-3.50166
-3.50085
-3.50055
-3.50008
-3.49855
-3.49891
-3.49856
-3.4991
-3.49971
-3.50054
-3.50082
-3.50099
-3.50242
-3.50163
-3.50177
-3.50027
-3.49988
-3.49958
-3.49915
-3.49777
-3.49808
-3.49872
-3.49796
-3.49821
-3.49829
-3.49818
-3.49781
-3.49732
-3.49753
-3.49766
-3.49819
-3.4971
-3.49565
-3.49582
-3.49688
-3.49742
-3.49834
-3.49875
-3.49798
-3.49676
-3.49722
-3.49558
-3.49516
-3.49532
-3.4957
-3.49571
-3.49722
-3.49677
-3.49738
-3.49788
-3.49775
-3.49847
-3.49874
-3.49866
-3.49848
-3.49872
-3.49836
-3.49858
-3.49927
-3.49841
-3.49884
-3.50036
-3.50152
-3.50141
-3.50137
-3.50233
-3.50148
-3.50133
-3.50147
-3.50064
-3.5005
-3.50007
-3.50111
-3.50214
-3.50228
-3.50358
-3.50358
-3.5035
-3.5027
-3.5025
-3.50142
-3.50136
-3.50031
-3.50129
-3.50143
-3.50143
-3.50059
-3.50095
-3.50113
-3.50141
-3.50142
-3.50206
-3.5014
-3.50038
-3.49902
-3.49893
-3.49811
-3.49836
-3.49712
-3.49554
-3.49553
-3.49535
-3.49539
-3.49467
-3.49441
-3.49542
-3.49692
-3.49857
-3.49961
-3.50028
-3.50076
-3.50086
-3.5011
-3.50111
-3.50024
-3.49926
-3.49858
-3.49836
-3.49816
-3.49782
-3.49848
-3.49863
-3.50012
-3.50131
-3.50225
-3.50346
-3.50352
-3.50293
-3.50375
-3.50412
-3.50283
-3.50213
-3.50207
-3.50192
-3.50145
-3.5017
-3.50334
-3.50409
-3.50503
-3.50479
-3.50427
-3.50382
-3.50348
-3.5035
-3.50272
-3.50219
-3.50209
-3.50135
-3.50181
-3.5021
-3.50242
-3.50226
-3.50225
-3.50269
-3.50421
-3.50467
-3.50499
-3.50431
-3.50468
-3.50534
-3.50555
-3.50539
-3.50535
-3.5049
-3.5038
-3.50297
-3.5023
-3.50167
-3.50074
-3.50029
-3.50104
-3.50098
-3.50133
-3.50123
-3.50114
-3.50153
-3.50206
-3.50313
-3.50421
-3.50389
-3.50365
-3.50318
-3.50389
-3.5039
-3.50509
-3.50588
-3.50641
-3.50783
-3.50794
-3.50601
-3.50489
-3.50367
-3.5034
-3.50268
-3.50259
-3.5028
-3.50394
-3.50418
-3.50509
-3.50453
-3.50333
-3.50246
-3.50138
-3.50049
-3.50043
-3.49942
-3.49955
-3.49895
-3.50002
-3.49971
-3.50042
-3.50051
-3.50131
-3.50164
-3.50313
-3.5023
-3.50256
-3.50295
-3.50229
-3.50167
-3.50143
-3.50121
-3.50243
-3.50307
-3.50328
-3.50436
-3.50526
-3.50458
-3.50572
-3.50514
-3.50453
-3.50434
-3.50459
-3.505
-3.50435
-3.50338
-3.50347
-3.50284
-3.50122
-3.50179
-3.50174
-3.50159
-3.50189
-3.50186
-3.50157
-3.50184
-3.50005
-3.50051
-3.49997
-3.49954
-3.49876
-3.49967
-3.50077
-3.50168
-3.50267
-3.50345
-3.50358
-3.5039
-3.50463
-3.5041
-3.50274
-3.50357
-3.50334
-3.50333
-3.50388
-3.50518
-3.50448
-3.50424
-3.50387
-3.50309
-3.50246
-3.5018
-3.50117
-3.49906
-3.49951
-3.50011
-3.50162
-3.50316
-3.50557
-3.5068
-3.50817
-3.50799
-3.50853
-3.50826
-3.50807
-3.50723
-3.50686
-3.50484
-3.50361
-3.50377
-3.5035
-3.50356
-3.5038
-3.5037
-3.50337
-3.5043
-3.50603
-3.5071
-3.50813
-3.50935
-3.5091
-3.50927
-3.50854
-3.50738
-3.5064
-3.5056
-3.506
-3.50463
-3.50324
-3.50265
-3.50383
-3.50363
-3.50398
-3.50497
-3.50485
-3.50436
-3.50363
-3.50187
-3.49978
-3.49961
-3.49922
-3.49946
-3.49875
-3.49882
-3.49978
-3.50122
-3.50233
-3.50282
-3.50311
-3.50392
-3.50256
-3.50169
-3.50013
-3.49874
-3.4981
-3.4961
-3.49675
-3.49701
-3.49764
-3.49873
-3.49993
-3.50136
-3.50333
-3.504
-3.50378
-3.50319
-3.50263
-3.50243
-3.50174
-3.50104
-3.50143
-3.50117
-3.50193
-3.50224
-3.50332
-3.50377
-3.50394
-3.50481
-3.50515
-3.50441
-3.50517
-3.50601
-3.50776
-3.50803
-3.50706
-3.50594
-3.5051
-3.5048
-3.50556
-3.50595
-3.5068
-3.5065
-3.50672
-3.50676
-3.50649
-3.50516
-3.50501
-3.50377
-3.50259
-3.50266
-3.50268
-3.50374
-3.504
-3.50498
-3.50615
-3.50728
-3.50786
-3.50919
-3.50875
-3.50822
-3.50674
-3.50674
-3.50722
-3.50681
-3.50554
-3.5059
-3.50589
-3.50572
-3.50566
-3.5056
-3.50618
-3.50588
-3.50622
-3.50603
-3.50724
-3.50783
-3.5068
-3.50747
-3.50647
-3.50586
-3.50518
-3.50537
-3.50513
-3.50476
-3.50482
-3.50444
-3.50401
-3.5031
-3.50408
-3.50427
-3.50603
-3.5058
-3.50651
-3.50645
-3.50688
-3.5058
-3.50483
-3.50387
-3.50433
-3.50455
-3.50458
-3.50472
-3.50453
-3.50426
-3.50416
-3.50352
-3.50275
-3.50215
-3.50208
-3.50296
-3.50326
-3.50455
-3.50537
-3.50541
-3.50595
-3.50614
-3.50615
-3.50676
-3.50728
-3.50764
-3.50822
-3.50887
-3.50922
-3.50723
-3.5063
-3.5059
-3.50502
-3.50514
-3.50521
-3.50468
-3.50392
-3.50227
-3.50166
-3.50145
-3.50169
-3.50377
-3.50554
-3.50659
-3.50811
-3.50877
-3.50899
-3.51069
-3.50992
-3.50896
-3.50715
-3.50658
-3.50621
-3.50499
-3.50407
-3.50283
-3.50181
-3.50179
-3.50217
-3.50285
-3.50373
-3.50418
-3.50459
-3.50483
-3.50479
-3.50571
-3.50757
-3.50849
-3.50973
-3.50867
-3.50976
-3.50901
-3.50875
-3.50877
-3.50674
-3.50474
-3.50422
-3.50314
-3.50377
-3.50397
-3.50304
-3.50271
-3.50249
-3.50268
-3.50336
-3.50289
-3.5032
-3.50229
-3.50305
-3.50314
-3.5039
-3.50491
-3.50486
-3.5066
-3.50771
-3.5078
-3.50787
-3.50659
-3.50794
-3.50749
-3.50587
-3.50311
-3.5031
-3.50225
-3.503
-3.50364
-3.50358
-3.50335
-3.50315
-3.50335
-3.50366
-3.50285
-3.50286
-3.50265
-3.50323
-3.50318
-3.50393
-3.50468
-3.50412
-3.50344
-3.50378
-3.50437
-3.505
-3.50456
-3.50283
-3.50244
-3.50188
-3.50234
-3.50222
-3.50222
-3.50214
-3.50123
-3.5019
-3.501
-3.50004
-3.50115
-3.50092
-3.50049
-3.50067
-3.50195
-3.50231
-3.50362
-3.50426
-3.50311
-3.5033
-3.50213
-3.5012
-3.50087
-3.50121
-3.50135
-3.50174
-3.50099
-3.50116
-3.50115
-3.50047
-3.50049
-3.49973
-3.49929
-3.49904
-3.49915
-3.49929
-3.49939
-3.49935
-3.49925
-3.4982
-3.49852
-3.49718
-3.49689
-3.49653
-3.49661
-3.49692
-3.49856
-3.49916
-3.49908
-3.50007
-3.49999
-3.50004
-3.49999
-3.50011
-3.50051
-3.50092
-3.50069
-3.50149
-3.50154
-3.50156
-3.50064
-3.49931
-3.49933
-3.49851
-3.49832
-3.49803
-3.49868
-3.49848
-3.49777
-3.49907
-3.49834
-3.49821
-3.49902
-3.49878
-3.49745
-3.49518
-3.49519
-3.49601
-3.49656
-3.49683
-3.49814
-3.49792
-3.49819
-3.49761
-3.49785
-3.49793
-3.49885
-3.49962
-3.49944
-3.49893
-3.49874
-3.49861
-3.49872
-3.49806
-3.49698
-3.4967
-3.49719
-3.49805
-3.49904
-3.50085
-3.50217
-3.50188
-3.50182
-3.50077
-3.49989
-3.49955
-3.49971
-3.50084
-3.50204
-3.50262
-3.50328
-3.50386
-3.50318
-3.50272
-3.50221
-3.50305
-3.50354
-3.50413
-3.50411
-3.50414
-3.50391
-3.50449
-3.50467
-3.50403
-3.50384
-3.50501
-3.50458
-3.50382
-3.50364
-3.50374
-3.5037
-3.50405
-3.50369
-3.50357
-3.50372
-3.50371
-3.50393
-3.50405
-3.50411
-3.50414
-3.50295
-3.50142
-3.50148
-3.50105
-3.50276
-3.50361
-3.50449
-3.50448
-3.50377
-3.50247
-3.5019
-3.50222
-3.50389
-3.50471
-3.50525
-3.50533
-3.50615
-3.50583
-3.50577
-3.50503
-3.50426
-3.50256
-3.5025
-3.50358
-3.50394
-3.50358
-3.50445
-3.50575
-3.50649
-3.50679
-3.50641
-3.50513
-3.50499
-3.50437
-3.50413
-3.5043
-3.50347
-3.504
-3.50405
-3.50465
-3.50444
-3.50562
-3.50596
-3.50703
-3.50645
-3.50739
-3.50749
-3.50689
-3.50614
-3.50518
-3.50445
-3.50439
-3.50328
-3.50306
-3.50271
-3.50171
-3.50151
-3.50082
-3.50168
-3.50148
-3.50144
-3.50114
-3.50197
-3.50211
-3.50326
-3.50339
-3.50371
-3.50273
-3.50315
-3.50253
-3.5029
-3.50274
-3.5026
-3.50227
-3.50231
-3.50186
-3.50262
-3.50282
-3.50279
-3.50193
-3.50234
-3.50174
-3.50222
-3.50269
-3.50281
-3.50206
-3.50083
-3.50067
-3.50018
-3.49955
-3.50011
-3.50104
-3.50165
-3.50205
-3.50164
-3.50039
-3.50013
-3.50048
-3.50125
-3.50159
-3.50107
-3.50162
-3.50234
-3.5013
-3.50127
-3.50127
-3.50103
-3.50116
-3.50121
-3.50176
-3.50083
-3.50112
-3.50205
-3.50185
-3.50227
-3.50303
-3.50443
-3.50523
-3.5073
-3.50824
-3.50774
-3.50783
-3.50745
-3.50832
-3.50764
-3.50625
-3.50605
-3.50543
-3.50589
-3.50471
-3.50387
-3.50387
-3.50386
-3.50282
-3.50269
-3.50271
-3.50313
-3.50212
-3.50254
-3.50287
-3.50354
-3.50361
-3.50451
-3.50498
-3.50528
-3.50483
-3.50565
-3.50528
-3.50547
-3.50517
-3.50553
-3.50646
-3.50724
-3.50614
-3.50598
-3.50495
-3.50431
-3.5033
-3.50279
-3.50212
-3.50214
-3.50376
-3.50353
-3.50502
-3.50513
-3.50555
-3.50587
-3.50612
-3.50756
-3.50685
-3.50666
-3.50692
-3.50593
-3.50661
-3.50606
-3.50627
-3.50586
-3.50533
-3.50638
-3.50687
-3.50682
-3.50665
-3.50671
-3.5066
-3.50642
-3.50658
-3.50613
-3.50645
-3.50547
-3.50554
-3.5055
-3.50508
-3.5049
-3.50527
-3.50407
-3.50419
-3.50519
-3.50558
-3.50575
-3.50516
-3.50523
-3.5053
-3.50583
-3.50552
-3.50578
-3.50573
-3.50536
-3.50525
-3.50593
-3.50509
-3.5042
-3.50317
-3.50223
-3.50077
-3.49984
-3.50016
-3.49906
-3.49964
-3.49981
-3.50093
-3.5024
-3.50297
-3.50399
-3.50335
-3.50305
-3.50386
-3.5034
-3.50394
-3.50311
-3.50258
-3.50239
-3.50146
-3.50186
-3.50166
-3.50176
-3.50136
-3.50154
-3.50106
-3.50038
-3.49943
-3.49928
-3.49852
-3.49769
-3.49654
-3.49634
-3.49655
-3.49838
-3.49804
-3.49843
-3.49935
-3.49943
-3.49933
-3.49883
-3.49802
-3.49758
-3.49952
-3.4996
-3.49977
-3.49983
-3.49948
-3.49975
-3.49917
-3.49835
-3.49882
-3.49937
-3.49962
-3.50055
-3.49994
-3.49957
-3.49945
-3.50008
-3.49926
-3.49889
-3.4987
-3.49995
-3.49996
-3.49978
-3.49926
-3.49835
-3.49791
-3.49871
-3.49804
-3.49875
-3.49914
-3.49932
-3.4991
-3.49973
-3.49892
-3.49924
-3.4999
-3.50174
-3.50244
-3.5029
-3.50313
-3.50345
-3.50381
-3.50296
-3.50309
-3.50157
-3.50063
-3.49929
-3.49895
-3.49878
-3.4993
-3.49893
-3.49994
-3.49993
-3.49984
-3.50115
-3.50166
-3.50218
-3.5031
-3.50275
-3.50162
-3.50009
-3.49914
-3.49901
-3.49932
-3.49934
-3.50029
-3.5008
-3.501
-3.50055
-3.50138
-3.50178
-3.50266
-3.50382
-3.50381
-3.50337
-3.50284
-3.50269
-3.50169
-3.50082
-3.49954
-3.49962
-3.49956
-3.4997
-3.49961
-3.50059
-3.50117
-3.50156
-3.50191
-3.50365
-3.50316
-3.50406
-3.50372
-3.502
-3.50129
-3.50145
-3.50032
-3.49981
-3.50103
-3.50079
-3.50029
-3.50011
-3.50049
-3.50031
-3.50027
-3.49992
-3.50028
-3.50162
-3.5016
-3.50125
-3.50121
-3.50045
-3.50039
-3.50029
-3.50016
-3.49912
-3.49915
-3.49908
-3.49968
-3.49903
-3.49974
-3.50004
-3.50076
-3.50189
-3.50408
-3.50468
-3.50496
-3.50483
-3.50351
-3.50354
-3.5046
-3.50389
-3.50427
-3.50529
-3.50466
-3.50564
-3.50545
-3.50544
-3.50562
-3.50481
-3.50419
-3.50424
-3.50438
-3.50483
-3.50528
-3.5051
-3.50573
-3.5056
-3.50496
-3.5049
-3.50348
-3.50312
-3.50316
-3.5018
-3.50133
-3.50065
-3.50055
-3.50053
-3.50072
-3.50103
-3.50092
-3.50222
-3.50261
-3.50274
-3.50264
-3.5033
-3.50236
-3.50203
-3.50234
-3.50307
-3.5036
-3.50331
-3.50453
-3.50475
-3.50377
-3.50415
-3.50366
-3.50355
-3.50333
-3.50248
-3.50213
-3.50133
-3.50041
-3.50104
-3.50093
-3.50155
-3.50201
-3.50277
-3.50512
-3.5051
-3.50595
-3.50639
-3.50736
-3.5076
-3.50826
-3.50762
-3.5078
-3.5071
-3.50823
-3.50741
-3.50714
-3.50659
-3.50584
-3.50664
-3.50709
-3.50623
-3.50705
-3.50779
-3.50701
-3.5069
-3.50687
-3.50678
-3.50629
-3.5063
-3.50637
-3.50651
-3.50732
-3.5068
-3.50728
-3.50729
-3.50857
-3.50751
-3.5075
-3.50789
-3.50713
-3.50605
-3.50648
-3.50616
-3.50474
-3.50515
-3.50325
-3.50396
-3.50425
-3.50384
-3.50449
-3.50436
-3.50396
-3.50284
-3.50318
-3.50261
-3.50229
-3.50146
-3.50104
-3.50191
-3.50196
-3.50086
-3.50191
-3.50198
-3.50131
-3.50142
-3.50103
-3.50177
-3.5028
-3.50284
-3.50235
-3.50148
-3.50136
-3.50108
-3.50073
-3.50036
-3.49964
-3.49931
-3.49959
-3.50025
-3.49973
-3.49973
-3.49968
-3.50047
-3.50101
-3.50219
-3.50268
-3.50273
-3.50075
-3.49972
-3.50051
-3.50125
-3.50167
-3.50169
-3.50135
-3.50174
-3.50225
-3.50206
-3.50094
-3.50115
-3.5004
-3.49969
-3.49976
-3.49927
-3.50036
-3.50086
-3.50138
-3.50183
-3.50055
-3.50033
-3.49906
-3.49847
-3.49936
-3.49955
-3.4994
-3.49944
-3.50052
-3.4996
-3.50108
-3.50013
-3.50155
-3.50228
-3.50171
-3.50277
-3.50179
-3.50263
-3.50406
-3.50409
-3.50418
-3.50297
-3.50246
-3.50189
-3.5013
-3.50147
-3.50184
-3.50247
-3.5014
-3.50265
-3.50399
-3.50447
-3.5041
-3.50467
-3.50346
-3.50371
-3.50418
-3.50415
-3.50431
-3.50385
-3.50358
-3.50281
-3.50191
-3.49984
-3.49938
-3.49964
-3.49958
-3.50071
-3.50177
-3.50303
-3.5043
-3.50474
-3.50476
-3.50416
-3.50473
-3.50334
-3.50354
-3.5037
-3.50282
-3.50182
-3.50118
-3.50111
-3.4995
-3.49984
-3.50056
-3.50114
-3.50142
-3.50053
-3.49989
-3.49997
-3.50149
-3.50173
-3.5027
-3.50274
-3.50319
-3.50222
-3.5017
-3.50123
-3.50218
-3.5029
-3.50232
-3.50068
-3.50025
-3.49999
-3.49952
-3.49972
-3.5008
-3.50129
-3.50249
-3.50256
-3.50392
-3.50385
-3.504
-3.5042
-3.50535
-3.50535
-3.5056
-3.50449
-3.50436
-3.5036
-3.50434
-3.50501
-3.50639
-3.50555
-3.50488
-3.50383
-3.50416
-3.5041
-3.50459
-3.50457
-3.50444
-3.50416
-3.50421
-3.50465
-3.50468
-3.50573
-3.50574
-3.50615
-3.50597
-3.5054
-3.50537
-3.50495
-3.50502
-3.50408
-3.5053
-3.50477
-3.50478
-3.50523
-3.50517
-3.50488
-3.50372
-3.50257
-3.50153
-3.50078
-3.50094
-3.50206
-3.50323
-3.5044
-3.50434
-3.50375
-3.50355
-3.50358
-3.5028
-3.50233
-3.50119
-3.50056
-3.50021
-3.50025
-3.49941
-3.50038
-3.50152
-3.50211
-3.50342
-3.50532
-3.50527
-3.50426
-3.50309
-3.50185
-3.50104
-3.50079
-3.50176
-3.50276
-3.50354
-3.50415
-3.50461
-3.50435
-3.50447
-3.50422
-3.50468
-3.50466
-3.50399
-3.50448
-3.50449
-3.50399
-3.50404
-3.50355
-3.50403
-3.50262
-3.5016
-3.50132
-3.50082
-3.50066
-3.50051
-3.5009
-3.50237
-3.50351
-3.50479
-3.50466
-3.50434
-3.50504
-3.50543
-3.50441
-3.5041
-3.50401
-3.50422
-3.50437
-3.50447
-3.50455
-3.50496
-3.50542
-3.50514
-3.50621
-3.50496
-3.50429
-3.50438
-3.50393
-3.5041
-3.5037
-3.50405
-3.50461
-3.50443
-3.50439
-3.50376
-3.50393
-3.50357
-3.50195
-3.5007
-3.49947
-3.499
-3.49979
-3.49988
-3.49963
-3.49993
-3.49945
-3.49947
-3.49942
-3.49991
-3.50182
-3.50163
-3.50107
-3.50101
-3.50098
-3.50163
-3.50116
-3.50161
-3.50182
-3.50256
-3.50264
-3.50232
-3.50327
-3.50445
-3.5057
-3.50653
-3.50599
-3.50534
-3.50605
-3.50548
-3.50436
-3.50354
-3.5027
-3.50213
-3.50098
-3.50058
-3.50044
-3.50128
-3.50155
-3.50178
-3.50241
-3.50226
-3.50232
-3.50236
-3.50187
-3.50211
-3.50305
-3.50351
-3.50386
-3.50442
-3.50348
-3.50379
-3.50267
-3.50127
-3.50145
-3.50105
-3.50068
-3.49987
-3.49949
-3.49974
-3.50046
-3.50038
-3.50243
-3.50331
-3.50427
-3.50538
-3.50639
-3.50587
-3.50608
-3.50508
-3.50418
-3.50392
-3.50307
-3.5028
-3.5029
-3.50325
-3.5034
-3.50421
-3.50462
-3.50581
-3.50748
-3.50818
-3.5088
-3.50865
-3.50864
-3.50846
-3.50672
-3.5047
-3.50248
-3.50179
-3.50141
-3.50057
-3.50182
-3.50365
-3.5043
-3.50416
-3.5041
-3.50338
-3.50347
-3.50425
-3.50338
-3.50319
-3.50191
-3.50146
-3.50106
-3.50115
-3.50101
-3.50128
-3.50216
-3.50285
-3.50345
-3.50391
-3.50418
-3.50453
-3.50506
-3.50514
-3.50537
-3.50479
-3.50473
-3.50533
-3.50476
-3.50477
-3.50399
-3.50261
-3.50192
-3.50137
-3.50055
-3.50042
-3.50116
-3.50142
-3.50115
-3.50224
-3.50179
-3.50279
-3.50208
-3.50225
-3.50193
-3.50213
-3.50353
-3.50499
-3.50538
-3.50567
-3.50563
-3.50514
-3.50474
-3.5039
-3.50351
-3.50284
-3.50239
-3.50299
-3.50426
-3.50535
-3.50666
-3.50727
-3.50806
-3.50802
-3.50796
-3.50768
-3.50556
-3.50423
-3.50329
-3.50216
-3.50106
-3.49947
-3.49843
-3.49756
-3.49778
-3.49848
-3.50002
-3.50094
-3.5029
-3.50451
-3.50635
-3.50647
-3.50688
-3.50692
-3.50614
-3.50435
-3.50386
-3.50307
-3.50313
-3.5028
-3.50114
-3.50093
-3.50024
-3.49994
-3.49926
-3.49948
-3.49875
-3.49893
-3.49841
-3.49774
-3.49692
-3.49602
-3.49544
-3.49556
-3.49496
-3.49612
-3.49681
-3.49673
-3.49706
-3.49854
-3.49907
-3.49852
-3.49868
-3.499
-3.49941
-3.49979
-3.5007
-3.50072
-3.49982
-3.50035
-3.49933
-3.49996
-3.49968
-3.49939
-3.49971
-3.49991
-3.49909
-3.49811
-3.49661
-3.49526
-3.49467
-3.49559
-3.49757
-3.49771
-3.49749
-3.49784
-3.4973
-3.49729
-3.498
-3.49715
-3.49775
-3.49875
-3.4995
-3.49891
-3.49861
-3.49834
-3.49687
-3.49708
-3.49683
-3.49592
-3.4954
-3.49583
-3.49559
-3.49602
-3.49609
-3.4968
-3.49802
-3.49859
-3.49933
-3.50034
-3.50065
-3.49943
-3.49939
-3.49889
-3.49924
-3.49871
-3.49895
-3.499
-3.49878
-3.499
-3.49936
-3.50003
-3.49995
-3.49883
-3.49844
-3.49846
-3.49827
-3.49927
-3.49864
-3.49858
-3.49894
-3.49967
-3.49988
-3.50006
-3.50035
-3.50039
-3.49909
-3.49968
-3.49991
-3.50018
-3.49967
-3.49998
-3.49973
-3.49884
-3.49816
-3.4982
-3.49869
-3.49864
-3.49857
-3.49947
-3.49956
-3.49988
-3.49907
-3.5005
-3.50046
-3.50145
-3.50265
-3.50198
-3.50126
-3.50104
-3.49919
-3.49746
-3.49777
-3.49744
-3.49717
-3.49714
-3.49707
-3.499
-3.4998
-3.49923
-3.50078
-3.50085
-3.50132
-3.50274
-3.50376
-3.50482
-3.50492
-3.5035
-3.50208
-3.50127
-3.50069
-3.50156
-3.50187
-3.50055
-3.50004
-3.50007
-3.49993
-3.50036
-3.50126
-3.50162
-3.50162
-3.50097
-3.5005
-3.5003
-3.50077
-3.50101
-3.50105
-3.50094
-3.50056
-3.50218
-3.50397
-3.50627
-3.50817
-3.50862
-3.5077
-3.50748
-3.50664
-3.5057
-3.50465
-3.50346
-3.5029
-3.50312
-3.5026
-3.50172
-3.50245
-3.50288
-3.504
-3.50419
-3.50438
-3.50517
-3.50401
-3.50421
-3.50348
-3.50255
-3.50277
-3.50203
-3.50258
-3.50299
-3.50384
-3.5038
-3.5038
-3.50367
-3.50295
-3.50258
-3.50286
-3.50207
-3.50245
-3.50279
-3.50259
-3.50297
-3.50283
-3.50189
-3.50178
-3.50249
-3.50375
-3.50313
-3.50365
-3.5032
-3.50347
-3.50299
-3.50326
-3.50228
-3.5015
-3.50131
-3.49947
-3.49884
-3.49979
-3.49993
-3.50158
-3.50188
-3.50142
-3.50179
-3.50211
-3.50167
-3.50189
-3.50207
-3.50076
-3.5003
-3.50081
-3.50218
-3.502
-3.50291
-3.5034
-3.50441
-3.50448
-3.50482
-3.50415
-3.50409
-3.5039
-3.50432
-3.50519
-3.50663
-3.50789
-3.5089
-3.50954
-3.50911
-3.50841
-3.50839
-3.50805
-3.50759
-3.50711
-3.50513
-3.50447
-3.50373
-3.50348
-3.50367
-3.50316
-3.50378
-3.50486
-3.50633
-3.50733
-3.50885
-3.50867
-3.5082
-3.50715
-3.50709
-3.50625
-3.50449
-3.50342
-3.50376
-3.50446
-3.50486
-3.50583
-3.50593
-3.50594
-3.50507
-3.50479
-3.5046
-3.50342
-3.5039
-3.50368
-3.50306
-3.50345
-3.5031
-3.50156
-3.50221
-3.50101
-3.50027
-3.50081
-3.50067
-3.50206
-3.50322
-3.50451
-3.50497
-3.50533
-3.50487
-3.50505
-3.50596
-3.50689
-3.50611
-3.50531
-3.50386
-3.50238
-3.5015
-3.50074
-3.50063
-3.50074
-3.501
-3.50182
-3.50288
-3.50374
-3.50386
-3.50394
-3.504
-3.50323
-3.50435
-3.50589
-3.50616
-3.5061
-3.5065
-3.50662
-3.50622
-3.50667
-3.50671
-3.50682
-3.50706
-3.50672
-3.5059
-3.50494
-3.50406
-3.50414
-3.50381
-3.50334
-3.50294
-3.50423
-3.5039
-3.50433
-3.50444
-3.50501
-3.50466
-3.50448
-3.50365
-3.50316
-3.50223
-3.50214
-3.502
-3.50166
-3.50229
-3.50256
-3.50253
-3.50354
-3.50373
-3.50369
-3.50374
-3.50482
-3.50497
-3.50461
-3.50309
-3.50344
-3.50246
-3.50122
-3.5009
-3.50064
-3.50004
-3.50016
-3.5004
-3.49968
-3.49991
-3.49967
-3.50078
-3.50009
-3.50078
-3.50098
-3.50157
-3.50185
-3.5019
-3.50195
-3.50244
-3.5028
-3.50333
-3.50286
-3.50161
-3.50059
-3.49974
-3.49968
-3.50037
-3.49954
-3.49978
-3.49779
-3.49717
-3.496
-3.49624
-3.49525
-3.495
-3.49617
-3.49742
-3.49843
-3.49919
-3.49954
-3.49871
-3.4977
-3.49748
-3.49735
-3.49653
-3.49775
-3.49826
-3.4998
-3.5008
-3.50096
-3.50113
-3.5019
-3.50208
-3.50188
-3.50133
-3.50008
-3.50003
-3.49888
-3.49888
-3.49742
-3.49773
-3.49847
-3.49914
-3.49992
-3.50114
-3.50197
-3.50395
-3.50427
-3.50551
-3.50613
-3.50666
-3.50673
-3.50796
-3.50853
-3.50789
-3.50751
-3.50738
-3.5055
-3.50555
-3.50582
-3.50609
-3.50683
-3.50658
-3.50589
-3.50532
-3.50458
-3.50361
-3.50337
-3.50391
-3.50297
-3.50306
-3.50313
-3.50273
-3.50176
-3.50236
-3.50271
-3.50308
-3.50297
-3.50404
-3.50348
-3.50314
-3.50368
-3.50297
-3.50261
-3.50343
-3.50272
-3.5041
-3.50566
-3.50532
-3.5055
-3.5059
-3.50679
-3.50661
-3.50604
-3.50668
-3.50567
-3.50561
-3.50399
-3.50312
-3.50331
-3.50231
-3.50188
-3.50233
-3.50153
-3.50025
-3.50137
-3.50079
-3.50091
-3.50079
-3.50148
-3.50138
-3.5024
-3.50221
-3.50239
-3.50216
-3.50264
-3.50379
-3.50368
-3.50386
-3.50512
-3.50539
-3.50616
-3.50658
-3.50712
-3.50722
-3.50652
-3.50656
-3.50549
-3.50619
-3.50714
-3.50813
-3.50943
-3.51036
-3.51102
-3.51021
-3.50912
-3.50764
-3.507
-3.5062
-3.5051
-3.5047
-3.50467
-3.50333
-3.50487
-3.50556
-3.50617
-3.50645
-3.50611
-3.50556
-3.50521
-3.50464
-3.50428
-3.50511
-3.50535
-3.50697
-3.50814
-3.50885
-3.50946
-3.51014
-3.51012
-3.51018
-3.50923
-3.50799
-3.50716
-3.50577
-3.50508
-3.5054
-3.50608
-3.50567
-3.50532
-3.50532
-3.50475
-3.50389
-3.50345
-3.50275
-3.50146
-3.50158
-3.50143
-3.50156
-3.50224
-3.50314
