1.64846
1.64375
1.63566
1.62376
1.60749
1.58615
1.55885
1.52459
1.48233
1.43115
1.37051
1.30052
1.22224
1.13802
1.05144
0.967092
0.889872
0.824106
0.772847
0.737473
0.71766
0.711613
0.716566
0.729279
0.746565
0.765684
0.784575
0.801907
0.817068
0.829997
0.840992
0.850439
0.858631
0.865704
0.871581
0.876073
0.879065
0.880636
0.881105
0.880977
0.880854
0.881264
0.88257
0.884992
0.888544
0.893017
0.898
0.902898
0.907123
0.910194
0.91185
0.912159
0.911453
0.910233
0.909061
0.908381
0.908503
0.909589
0.911665
0.914598
0.918105
0.921721
0.924822
0.926798
0.927146
0.925602
0.922281
0.917697
0.912715
0.908272
0.905005
0.902887
0.901244
0.899097
0.895662
0.890729
0.884665
0.878313
0.872754
0.869089
0.868247
0.870833
0.876972
0.886284
0.898016
0.911222
0.924942
0.938335
0.950716
0.96155
0.970434
0.977023
0.981042
0.982353
0.980922
0.976868
0.970415
0.961838
0.95139
0.939303
0.925776
0.911099
0.895714
0.880247
0.865482
0.852224
0.841135
0.832597
0.826646
0.823071
0.821564
0.821923
0.824132
0.828398
0.835029
0.844275
0.856169
0.870395
0.886346
0.903189
0.919981
0.935744
0.949525
0.96043
0.9677
0.970863
0.969806
0.964717
0.956117
0.944743
0.931455
0.917154
0.902646
0.888604
0.875569
0.863988
0.854281
0.846911
0.842376
0.841267
0.844103
0.851163
0.86225
0.876589
0.892949
0.909875
0.925993
0.940157
0.951532
0.959598
0.964111
0.965052
0.96264
0.957263
0.949452
0.939817
0.92894
0.917305
0.905263
0.89308
0.881043
0.869634
0.859581
0.851826
0.847275
0.846502
0.849474
0.855522
0.863492
0.872061
0.879981
0.886261
0.890181
0.891285
0.889351
0.884359
0.876532
0.86635
0.85457
0.842276
0.830839
0.821773
0.816516
0.816122
0.820974
0.830638
0.843963
0.859331
0.874996
0.889334
0.901078
0.909368
0.913788
0.914319
0.911329
0.905457
0.897552
0.888594
0.879576
0.871421
0.864868
0.860447
0.85842
0.85879
0.86135
0.865706
0.87135
0.87768
0.88403
0.889706
0.894076
0.896587
0.896856
0.894709
0.890222
0.883757
0.875963
0.867733
0.860096
0.853989
0.850005
0.84828
0.848541
0.850241
0.852769
0.855579
0.858264
0.860609
0.862552
0.864125
0.865369
0.86633
0.867014
0.86734
0.867175
0.866364
0.864748
0.862229
0.858847
0.85484
0.850773
0.84746
0.845832
0.846651
0.85031
0.856775
0.865634
0.876244
0.887851
0.899635
0.910816
0.920637
0.928431
0.93367
0.936051
0.935463
0.932022
0.926054
0.918036
0.908531
0.898165
0.887566
0.87734
0.868017
0.859988
0.853508
0.848638
0.845239
0.84306
0.841754
0.841012
0.840626
0.840507
0.840691
0.841303
0.842528
0.844466
0.847112
0.850243
0.853507
0.856429
0.858498
0.859305
0.858648
0.856577
0.853441
0.849831
0.846482
0.844036
0.842863
0.842917
0.843759
0.844758
0.845293
0.845047
0.844085
0.842791
0.841729
0.841414
0.842091
0.843622
0.845556
0.847218
0.848026
0.847699
0.846385
0.844588
0.842872
0.841495
0.840225
0.838525
0.835943
0.83238
0.828148
0.823802
0.819877
0.816727
0.814506
0.813227
0.812944
0.813804
0.816015
0.819685
0.82472
0.830683
0.836915
0.8427
0.847458
0.85078
0.852479
0.852473
0.850741
0.847251
0.842035
0.8353
0.827464
0.819188
0.811275
0.804508
0.799436
0.796286
0.795004
0.795411
0.797364
0.800817
0.805744
0.812029
0.819348
0.827245
0.835242
0.842965
0.850144
0.856583
0.862059
0.866225
0.86865
0.868889
0.866564
0.861443
0.853531
0.843088
0.830634
0.817026
0.803399
0.791079
0.781401
0.775443
0.773802
0.776465
0.782885
0.792234
0.803653
0.816278
0.829214
0.841524
0.852315
0.860857
0.866699
0.869734
0.870116
0.868197
0.864469
0.859474
0.853793
0.848035
0.842784
0.838533
0.835653
0.834305
0.834534
0.836351
0.839775
0.844812
0.851315
0.85887
0.866797
0.874294
0.88063
0.885261
0.887924
0.888645
0.887698
0.885527
0.882654
0.879495
0.876287
0.873034
0.869581
0.865762
0.861518
0.856943
0.852231
0.847604
0.843308
0.839612
0.8368
0.83513
0.834718
0.835502
0.837203
0.839457
0.84192
0.844361
0.846663
0.848787
0.850692
0.852326
0.853644
0.85462
0.8553
0.855846
0.85651
0.857585
0.859333
0.861944
0.865461
0.86967
0.874229
0.878661
0.882439
0.885089
0.886169
0.88532
0.882347
0.877244
0.870269
0.861944
0.853036
0.844479
0.837263
0.832225
0.829936
0.830581
0.834002
0.8398
0.847415
0.856285
0.865883
0.875762
0.885523
0.894785
0.90319
0.910414
0.916183
0.920305
0.922673
0.923326
0.922393
0.92009
0.916648
0.912277
0.907106
0.901219
0.894691
0.887634
0.880273
0.872948
0.866067
0.860089
0.855381
0.85215
0.850384
0.849837
0.850127
0.850858
0.851673
0.852382
0.852938
0.853443
0.854063
0.855038
0.856611
0.858984
0.862295
0.866555
0.871601
0.87712
0.882699
0.887884
0.892281
0.895559
0.897523
0.898091
0.897237
0.894994
0.891413
0.88652
0.880322
0.872825
0.864051
0.854058
0.842981
0.831075
0.818776
0.806745
0.79576
0.786638
0.78
0.776077
0.774636
0.775069
0.776703
0.779049
0.78195
0.785486
0.789841
0.795205
0.801741
0.809598
0.818938
0.8298
0.842017
0.855198
0.868758
0.882049
0.894481
0.905608
0.915126
0.922786
0.928276
0.931212
0.931236
0.928224
0.922425
0.914493
0.905361
0.896056
0.88747
0.880275
0.874833
0.871222
0.869283
0.868664
0.868993
0.869918
0.871169
0.872533
0.873845
0.87491
0.875413
0.874944
0.873017
0.869178
0.863177
0.855131
0.845666
0.835873
0.827148
0.820872
0.817986
0.818756
0.822773
0.829175
0.836943
0.845163
0.853134
0.860357
0.866481
0.871243
0.874426
0.87591
0.875657
0.873797
0.870652
0.866729
0.862636
0.858936
0.856
0.853916
0.85246
0.851254
0.849934
0.848325
0.846544
0.845003
0.844344
0.845259
0.848251
0.853493
0.860717
0.869157
0.877717
0.885148
0.890331
0.892444
0.891188
0.886837
0.880131
0.872116
0.86389
0.856355
0.850131
0.845584
0.842944
0.842401
0.844073
0.847922
0.853652
0.860708
0.868328
0.875709
0.882203
0.887446
0.891403
0.894295
0.896468
0.898285
0.900023
0.90191
0.904081
0.906612
0.909545
0.912848
0.916389
0.919912
0.923052
0.925354
0.926321
0.925486
0.922512
0.917224
0.909657
0.90009
0.888966
0.876857
0.864424
0.852383
0.841507
0.832541
0.826095
0.822541
0.821934
0.823941
0.827941
0.833133
0.838667
0.843742
0.847666
0.849896
0.850057
0.847949
0.843538
0.837017
0.828836
0.819726
0.810595
0.802384
0.795826
0.791243
0.788446
0.786875
0.785836
0.784775
0.783384
0.781693
0.780001
0.778812
0.778656
0.779997
0.783128
0.788152
0.794974
0.803298
0.812611
0.822117
0.830839
0.837787
0.842181
0.843601
0.842038
0.837868
0.831718
0.824347
0.81655
0.809087
0.802623
0.797723
0.794815
0.794212
0.796063
0.800305
0.806638
0.814595
0.823541
0.832783
0.841634
0.849462
0.855716
0.860024
0.862224
0.862413
0.860901
0.858176
0.854773
0.851141
0.847517
0.843892
0.840045
0.835717
0.830726
0.825109
0.819172
0.813516
0.808897
0.806144
0.80592
0.808652
0.814411
0.822887
0.833406
0.845032
0.856639
0.867082
0.875329
0.880549
0.882196
0.879995
0.873949
0.864235
0.851188
0.835314
0.817295
0.797989
0.778507
0.760158
0.744281
0.73212
0.724719
0.722828
0.726816
0.736495
0.750984
0.768752
0.787924
0.806631
0.823326
0.836907
0.846762
0.852758
0.855149
0.854497
0.851539
0.847058
0.841802
0.836443
0.831595
0.827795
0.825534
0.825277
0.827365
0.831973
0.839029
0.848206
0.858957
0.87053
0.88208
0.892729
0.901661
0.908208
0.911897
0.912535
0.910228
0.90546
0.899011
0.891914
0.885276
0.879995
0.876559
0.874939
0.87471
0.87529
0.87616
0.877038
0.877864
0.878713
0.879624
0.880521
0.881146
0.881102
0.879977
0.877495
0.873693
0.868913
0.863756
0.858958
0.855288
0.853445
0.853987
0.857182
0.862957
0.870885
0.880294
0.890368
0.900283
0.909267
0.916602
0.921617
0.923769
0.922664
0.918134
0.910303
0.899592
0.886751
0.872728
0.858605
0.845432
0.83408
0.825135
0.818783
0.814823
0.812734
0.811798
0.811223
0.810365
0.808863
0.80673
0.804312
0.802068
0.80032
0.79911
0.798247
0.797467
0.796566
0.795378
0.793781
0.791699
0.789171
0.786373
0.783625
0.781315
0.779813
0.77939
0.780194
0.78228
0.785635
0.790176
0.79575
0.80211
0.808848
0.815388
0.82101
0.824942
0.826554
0.825548
0.822103
0.816972
0.811385
0.806763
0.804313
0.804704
0.80803
0.813906
0.821664
0.830523
0.839685
0.848348
0.855743
0.861144
0.863908
0.863572
0.859873
0.852809
0.842606
0.829714
0.814769
0.798572
0.782021
0.766027
0.751421
0.738851
0.728694
0.72105
0.715791
0.712614
0.711124
0.71094
0.711748
0.713388
0.715889
0.71946
0.724317
0.730582
0.738154
0.746678
0.755664
0.764595
0.772992
0.780527
0.787028
0.79251
0.797156
0.801216
0.80491
0.808355
0.811539
0.814332
0.816582
0.818189
0.8192
0.819808
0.820291
0.820911
0.821761
0.822711
0.823373
0.823244
0.821881
0.819039
0.814759
0.809394
0.80352
0.797817
0.792955
0.789475
0.787706
0.78776
0.789573
0.792907
0.797432
0.802781
0.808571
0.814475
0.820217
0.825588
0.830448
0.834718
0.838368
0.841421
0.843901
0.845758
0.846871
0.847
0.845829
0.843033
0.838428
0.832001
0.823989
0.814862
0.805267
0.795913
0.787439
0.780317
0.774734
0.770599
0.767555
0.765069
0.76253
0.75941
0.755449
0.75084
0.746279
0.742827
0.741517
0.74279
0.746184
0.750495
0.754288
0.756373
0.756106
0.753504
0.749274
0.744776
0.741846
0.742233
0.746971
0.75598
0.768199
0.782137
0.796404
0.810004
0.822322
0.833009
0.841821
0.848537
0.852931
0.854778
0.853927
0.850376
0.8443
0.836116
0.826442
0.816025
0.805645
0.795998
0.787616
0.780813
0.77575
0.772427
0.770734
0.77052
0.771614
0.773858
0.777139
0.781372
0.78646
0.792264
0.798462
0.80458
0.809941
0.813779
0.815373
0.814188
0.809988
0.802928
0.793565
0.782766
0.771638
0.761372
0.753095
0.747706
0.745759
0.747373
0.752263
0.759782
0.769059
0.779149
0.789145
0.798306
0.806141
0.812387
0.816938
0.819831
0.821216
0.821302
0.82034
0.818626
0.816502
0.814404
0.812869
0.812481
0.813816
0.817283
0.823044
0.83092
0.840416
0.850876
0.861613
0.871984
0.881479
0.889734
0.89654
0.901779
0.905393
0.907412
0.90797
0.907304
0.905723
0.903574
0.901096
0.898371
0.895412
0.892189
0.888698
0.884951
0.880892
0.876393
0.871258
0.865324
0.85859
0.851324
0.844076
0.837584
0.832614
0.829752
0.829181
0.830661
0.833578
0.837118
0.840454
0.842961
0.844335
0.844605
0.844049
0.843073
0.842018
0.841037
0.840052
0.838783
0.836887
0.834147
0.83066
0.826972
0.824045
0.823014
0.824709
0.829312
0.836255
0.844502
0.85303
0.861101
0.86838
0.874792
0.88038
0.885172
0.889102
0.892
0.893611
0.893689
0.892059
0.88866
0.883625
0.877312
0.870383
0.863694
0.858224
0.854808
0.853887
0.855352
0.858587
0.862684
0.866716
0.869913
0.871779
0.872021
0.87056
0.867463
0.862902
0.857196
0.850709
0.843827
0.836882
0.830089
0.823615
0.817587
0.81217
0.807581
0.804095
0.802009
0.801533
0.80277
0.805685
0.810259
0.816512
0.824458
0.833969
0.844565
0.855459
0.865629
0.874073
0.879982
0.882866
0.882598
0.879396
0.873808
0.866644
0.858874
0.851495
0.845421
0.841339
0.839628
0.840291
0.842994
0.847145
0.851986
0.856742
0.860771
0.863681
0.865344
0.865914
0.865745
0.865315
0.86506
0.865238
0.8659
0.866862
0.867769
0.868307
0.868298
0.867805
0.867078
0.866431
0.866104
0.866228
0.866872
0.868087
0.86981
0.871819
0.87375
0.875219
0.876036
0.876227
0.875981
0.875506
0.874869
0.873974
0.87265
0.870761
0.868278
0.865293
0.86192
0.858335
0.854757
0.851464
0.848857
0.847388
0.847426
0.849158
0.852385
0.856493
0.860598
0.863733
0.865085
0.864074
0.860446
0.854262
0.84586
0.835826
0.824956
0.814214
0.804597
0.797039
0.792222
0.790425
0.791497
0.794941
0.800162
0.806629
0.813993
0.822018
0.830469
0.838957
0.846847
0.853304
0.857423
0.858485
0.856207
0.850821
0.842953
0.83339
0.822795
0.811562
0.799899
0.788001
0.776201
0.764985
0.754925
0.746575
0.740411
0.736769
0.735831
0.737571
0.74171
0.747712
0.754854
0.762357
0.769595
0.776191
0.782111
0.787582
0.792993
0.798753
0.805177
0.812417
0.820449
0.829077
0.837978
0.846717
0.854848
0.861905
0.86752
0.871451
0.87359
0.87398
0.87282
0.870459
0.867394
0.864177
0.861365
0.859454
0.858795
0.859541
0.861684
0.865105
0.869627
0.875065
0.881227
0.887837
0.894489
0.900628
0.905643
0.908911
0.90995
0.908486
0.904424
0.897859
0.889026
0.878254
0.866026
0.853025
0.840231
0.828896
0.820366
0.815657
0.814995
0.817623
0.821959
0.826186
0.828884
0.829426
0.828002
0.825448
0.822825
0.821042
0.820585
0.821491
0.823493
0.826244
0.82954
0.833391
0.837996
0.843617
0.850337
0.857931
0.865836
0.873226
0.879166
0.882833
0.883652
0.881367
0.876075
0.868126
0.858117
0.846782
0.834924
0.82331
0.812604
0.803314
0.795809
0.790414
0.787475
0.787368
0.790394
0.796622
0.805678
0.816742
0.828716
0.84044
0.85082
0.858909
0.864016
0.865874
0.864761
0.861447
0.857025
0.852606
0.849067
0.846872
0.846067
0.846312
0.847113
0.847961
0.848511
0.848644
0.848505
0.84838
0.848568
0.849247
0.850393
0.85179
0.853168
0.854288
0.854943
0.855003
0.854343
0.852872
0.850534
0.847323
0.843298
0.83864
0.833638
0.828651
0.824093
0.820367
0.81777
0.816399
0.816062
0.816277
0.816375
0.815697
0.813767
0.8104
0.805632
0.799704
0.792916
0.785561
0.777902
0.770209
0.76279
0.756058
0.750537
0.74687
0.745777
0.747893
0.753488
0.76236
0.77378
0.786632
0.799741
0.81216
0.823344
0.833139
0.84165
0.849088
0.855659
0.86148
0.866543
0.870792
0.874169
0.876619
0.878116
0.878632
0.878073
0.876244
0.872859
0.867536
0.85993
0.849879
0.837558
0.823621
0.809211
0.795741
0.784532
0.776469
0.771784
0.770081
0.770542
0.77221
0.774289
0.776216
0.777787
0.779059
0.780247
0.781508
0.782785
0.783785
0.784094
0.783289
0.781131
0.77768
0.773313
0.768658
0.764498
0.76158
0.760497
0.761627
0.765129
0.771025
0.779225
0.789541
0.801608
0.814875
0.828583
0.84191
0.854126
0.864711
0.873439
0.880414
0.885952
0.890451
0.894266
0.897613
0.900547
0.902995
0.904794
0.905735
0.905549
0.903879
0.900318
0.894478
0.886091
0.875116
0.861772
0.846536
0.830137
0.813504
0.79765
0.783605
0.77214
0.763648
0.758139
0.75541
0.755308
0.757936
0.763582
0.772525
0.784757
0.799766
0.816485
0.833464
0.849114
0.861966
0.870936
0.875486
0.875654
0.872045
0.865697
0.857905
0.849955
0.842901
0.837402
0.833734
0.831919
0.831849
0.833398
0.836456
0.840818
0.846144
0.851968
0.857847
0.863428
0.868579
0.873326
0.877776
0.881993
0.885987
0.889735
0.893281
0.89677
0.900423
0.904457
0.90897
0.9138
0.918573
0.922696
0.925493
0.926321
0.924751
0.920589
0.913916
0.905118
0.894764
0.883557
0.872239
0.861479
0.851804
0.843589
0.837059
0.832314
0.829366
0.828129
0.828424
0.829969
0.832338
0.834994
0.837356
0.838914
0.839279
0.838163
0.835442
0.831203
0.825733
0.819555
0.813377
0.807978
0.804043
0.802027
0.802076
0.804017
0.807411
0.811653
0.81609
0.820148
0.82341
0.825698
0.827082
0.827897
0.82859
0.82968
0.8316
0.834579
0.83858
0.843348
0.848545
0.853852
0.858958
0.863504
0.867004
0.868948
0.868986
0.867135
0.863838
0.859778
0.855671
0.85204
0.849146
0.847063
0.845753
0.845194
0.845347
0.84619
0.847616
0.849431
0.851416
0.853418
0.85543
0.857577
0.860068
0.863094
0.866659
0.870576
0.874466
0.87781
0.880085
0.880826
0.879753
0.876837
0.872345
0.866858
0.861223
0.856405
0.853347
0.852649
0.85436
0.857927
0.862321
0.866289
0.868677
0.868699
0.866042
0.86093
0.854111
0.846683
0.839777
0.834176
0.830061
0.827084
0.824735
0.822695
0.820923
0.819587
0.818889
0.818976
0.819957
0.821964
0.825136
0.829581
0.835204
0.841547
0.847833
0.853102
0.856504
0.857511
0.856109
0.852871
0.848783
0.844872
0.841893
0.84004
0.838997
0.838123
0.83669
0.83407
0.829804
0.823614
0.815389
0.805254
0.7937
0.78173
0.770805
0.762526
0.757981
0.757283
0.759557
0.763573
0.768367
0.773584
0.779298
0.785727
0.792899
0.800591
0.808462
0.816151
0.823403
0.830109
0.836222
0.841705
0.846455
0.850242
0.852759
0.853715
0.852952
0.850567
0.846936
0.842718
0.838714
0.835699
0.834203
0.834339
0.835749
0.837725
0.839384
0.839954
0.838973
0.836402
0.832576
0.828116
0.823776
0.820359
0.818605
0.819078
0.822027
0.827326
0.834494
0.842893
0.851898
0.861007
0.869829
0.878009
0.88514
0.890773
0.894459
0.895811
0.894563
0.890644
0.884178
0.875505
0.865128
0.853687
0.841917
0.830529
0.82013
0.811236
0.804239
0.799399
0.796824
0.796447
0.797943
0.800788
0.804337
0.80805
0.811599
0.815011
0.818619
0.822925
0.828308
0.834823
0.842101
0.849475
0.856268
0.862099
0.866991
0.871379
0.875887
0.881112
0.88739
0.894693
0.902624
0.910543
0.917722
0.923542
0.927588
0.929724
0.930093
0.929083
0.927227
0.925103
0.923246
0.921953
0.921132
0.920265
0.918542
0.915064
0.909152
0.9005
0.889257
0.876018
0.86168
0.847314
0.834067
0.822987
0.814899
0.810313
0.809376
0.811871
0.817285
0.824906
0.833895
0.843344
0.852347
0.86009
0.865943
0.869564
0.870919
0.870239
0.867962
0.864614
0.860645
0.856314
0.851559
0.845992
0.838989
0.829875
0.818136
0.80371
0.787254
0.770302
0.755132
0.744352
0.740103
0.743375
0.753759
0.769819
0.789634
0.811238
0.832906
0.853164
0.870848
0.88514
0.895567
0.902009
0.904602
0.903682
0.899664
0.892978
0.884087
0.873455
0.861582
0.84903
0.836377
0.824277
0.813442
0.804552
0.798131
0.794388
0.793195
0.794204
0.796964
0.801122
0.806441
0.812754
0.819888
0.827603
0.83555
0.843356
0.85067
0.857207
0.862817
0.867484
0.871311
0.874417
0.876959
0.879109
0.881078
0.883103
0.885439
0.888371
0.892141
0.896819
0.902202
0.907798
0.912898
0.916712
0.918565
0.918034
0.914986
0.909522
0.901951
0.89266
0.882007
0.870257
0.85753
0.843881
0.829425
0.814437
0.799558
0.785813
0.774534
0.767143
0.764773
0.767967
0.776496
0.789376
0.805101
0.821943
0.838255
0.852687
0.864293
0.872574
0.877418
0.878985
0.87759
0.873588
0.867374
0.859428
0.850389
0.841086
0.832457
0.825323
0.820223
0.817335
0.816506
0.817386
0.819537
0.822458
0.825674
0.828766
0.831385
0.833285
0.834426
0.834944
0.835113
0.835276
0.835717
0.836584
0.837834
0.839189
0.840237
0.840586
0.839954
0.838298
0.835803
0.832894
0.830133
0.828048
0.826983
0.827004
0.827957
0.829561
0.831541
0.833756
0.836229
0.83908
0.842408
0.84621
0.850347
0.854577
0.858652
0.862317
0.86531
0.867227
0.867458
0.865375
0.860541
0.853046
0.843562
0.833179
0.823151
0.814581
0.808241
0.804461
0.803172
0.804029
0.806549
0.810216
0.814588
0.819399
0.82462
0.830399
0.837004
0.844659
0.853357
0.862772
0.872325
0.881352
0.889355
0.89617
0.901949
0.907036
0.911701
0.915959
0.919499
0.921784
0.922195
0.920171
0.915279
0.907308
0.896318
0.882618
0.866797
0.849611
0.831959
0.8148
0.799096
0.785754
0.775509
0.768824
0.765814
0.766214
0.76944
0.774738
0.781355
0.788599
0.795946
0.803093
0.80995
0.816624
0.823297
0.830128
0.837127
0.844077
0.85055
0.856033
0.860083
0.862485
0.86334
0.863131
0.862626
0.862805
0.864642
0.868875
0.87582
0.885261
0.896454
0.908288
0.919536
0.929033
0.935834
0.939307
0.939081
0.935068
0.927439
0.916636
0.903291
0.888264
0.872507
0.856916
0.842288
0.829225
0.818141
0.809233
0.80257
0.798096
0.795733
0.795447
0.797279
0.801269
0.807356
0.815366
0.825055
0.836124
0.848236
0.861032
0.874072
0.886827
0.898717
0.909206
0.917842
0.92435
0.928624
0.930712
0.930761
0.928914
0.925261
0.919804
0.912526
0.903556
0.893298
0.8825
0.872258
0.86376
0.857967
0.85533
0.855698
0.858429
0.862703
0.867745
0.873007
0.878209
0.883258
0.888138
0.892811
0.897156
0.900963
0.90394
0.905756
0.906112
0.904761
0.901485
0.896027
0.88812
0.877456
0.863817
0.847185
0.827951
0.807065
0.78609
0.767129
0.752472
0.744101
0.743176
0.749714
0.762691
0.780328
0.800572
0.821456
0.841324
0.85902
0.873859
0.885562
0.894153
0.899805
0.902799
0.903455
0.902112
0.899092
0.894664
0.889045
0.882439
0.875106
0.867532
0.860611
0.85577
0.854807
0.859296
0.869808
0.885389
0.903827
0.922446
0.938894
0.951523
0.959405
0.962171
0.959848
0.952789
0.941626
0.927239
0.910682
0.893077
0.875449
0.858628
0.843226
0.829731
0.818506
0.809807
0.803698
0.800052
0.798552
0.798785
0.800366
0.803035
0.806684
0.811296
0.816849
0.823213
0.830053
0.83681
0.842755
0.847125
0.849214
0.848476
0.844612
0.837591
0.827697
0.815502
0.801797
0.787554
0.773834
0.761694
0.752087
0.745706
0.742929
0.743681
0.747441
0.7533
0.76015
0.766937
0.772904
0.777738
0.781549
0.784701
0.787598
0.7905
0.793446
0.796324
0.798962
0.801144
0.802731
0.803557
0.803483
0.802422
0.800333
0.797225
0.793187
0.788336
0.782864
0.777047
0.77125
0.765952
0.761726
0.759139
0.7587
0.760711
0.765215
0.771992
0.780566
0.790303
0.800475
0.810364
0.81935
0.826937
0.832797
0.836785
0.838966
0.839586
0.839078
0.838011
0.836971
0.836467
0.836804
0.838001
0.839836
0.841924
0.84384
0.845263
0.845987
0.84592
0.845067
0.843515
0.841416
0.839062
0.836833
0.835078
0.83401
0.833642
0.833816
0.834346
0.835106
0.836091
0.837379
0.839015
0.840926
0.842922
0.844766
0.846298
0.847535
0.848646
0.849902
0.851531
0.85365
0.856227
0.859085
0.861993
0.864773
0.867379
0.870021
0.873134
0.877235
0.88267
0.889428
0.897071
0.904923
0.912228
0.918355
0.922867
0.925514
0.926176
0.924859
0.921599
0.916437
0.909417
0.900618
0.890165
0.878266
0.865288
0.851762
0.838298
0.825522
0.813939
0.803838
0.795248
0.78798
0.781762
0.776378
0.771756
0.768035
0.765529
0.764639
0.765742
0.769098
0.774796
0.782694
0.792502
0.803828
0.816273
0.829418
0.84289
0.856275
0.869104
0.880751
0.890414
0.89717
0.900115
0.898564
0.892199
0.88126
0.866587
0.849626
0.832227
0.816361
0.80369
0.79529
0.791445
0.791738
0.795319
0.801157
0.808225
0.815591
0.822469
0.828183
0.832244
0.834412
0.83478
0.833814
0.832276
0.831106
0.83121
0.833287
0.837684
0.844293
0.85262
0.861899
0.871229
0.879684
0.886439
0.890845
0.892508
0.89131
0.887387
0.881127
0.873098
0.863999
0.854531
0.845268
0.836562
0.828466
0.820797
0.813311
0.805839
0.798491
0.791692
0.786147
0.782695
0.782073
0.784736
0.790634
0.799284
0.809913
0.821717
0.834056
0.846461
0.858572
0.870004
0.880312
0.889065
0.895937
0.900818
0.90381
0.905112
0.9049
0.903178
0.899801
0.894593
0.887492
0.87869
0.868673
0.858194
0.848116
0.839278
0.832328
0.827583
0.825043
0.824499
0.825654
0.82816
0.831565
0.835315
0.838747
0.841244
0.842408
0.842197
0.840936
0.839181
0.837558
0.83651
0.836239
0.836648
0.837354
0.83775
0.837221
0.835375
0.832261
0.82846
0.825013
0.823144
0.823927
0.827932
0.835018
0.844324
0.854502
0.864087
0.871843
0.876961
0.879142
0.878522
0.875539
0.870833
0.865176
0.859401
0.854318
0.850534
0.848328
0.847529
0.847595
0.847793
0.8475
0.846401
0.844551
0.842237
0.839745
0.837145
0.834261
0.830755
0.826351
0.821013
0.815017
0.808959
0.80357
0.799489
0.797094
0.796379
0.797039
0.798605
0.800671
0.803027
0.805669
0.808724
0.812347
0.816595
0.821411
0.826604
0.831917
0.837104
0.841956
0.846289
0.849991
0.852977
0.85522
0.856759
0.857621
0.857802
0.857289
0.856013
0.85392
0.851024
0.847441
0.843387
0.839174
0.835151
0.831661
0.82898
0.82722
0.826393
0.826461
0.827425
0.829417
0.832669
0.837414
0.843665
0.851028
0.858656
0.86546
0.870356
0.872561
0.871677
0.867711
0.861053
0.852389
0.842589
0.832571
0.823104
0.814693
0.807469
0.801215
0.795462
0.789654
0.783313
0.776135
0.768105
0.759442
0.750561
1.63316
1.60582
1.57036
1.52949
1.4866
1.4455
1.4099
1.3829
1.36645
1.36111
1.366
1.37917
1.39804
1.41979
1.44155
1.46057
1.47434
1.481
1.47966
1.47066
1.45557
1.43678
1.41689
1.39815
1.38242
1.37088
1.36388
1.3607
1.35953
1.35776
1.35263
1.34209
1.32581
1.3058
1.28648
1.2736
1.27189
1.28278
1.30347
1.32819
1.35084
1.36706
1.37498
1.37515
1.36977
1.36192
1.35476
1.3508
1.35143
1.35672
1.36545
1.37528
1.38335
1.38709
1.38512
1.37759
1.36605
1.35291
1.34075
1.33188
1.32796
1.32949
1.33548
1.34363
1.35101
1.35513
1.35504
1.35186
1.34805
1.34583
1.34608
1.34838
1.35167
1.35493
1.35766
1.36017
1.3636
1.36977
1.38049
1.39694
1.419
1.44506
1.47213
1.49642
1.51417
1.52252
1.52014
1.50741
1.48625
1.45954
1.43057
1.40235
1.37721
1.35665
1.34156
1.3327
1.33078
1.33618
1.34849
1.3661
1.38647
1.4068
1.42481
1.43916
1.44948
1.45625
1.4603
1.46248
1.46327
1.46249
1.45934
1.45257
1.441
1.42423
1.40321
1.38061
1.36011
1.34477
1.33566
1.33158
1.33022
1.32954
1.32889
1.32917
1.33207
1.33854
1.34767
1.35715
1.36465
1.36877
1.369
1.36513
1.35718
1.34595
1.33379
1.32439
1.32113
1.32529
1.33587
1.35079
1.36762
1.38386
1.39733
1.40671
1.41181
1.41358
1.41366
1.41387
1.4155
1.41856
1.42145
1.42117
1.41433
1.399
1.37696
1.35415
1.33694
1.32658
1.31898
1.31026
1.30119
1.29662
1.30149
1.31718
1.34067
1.36693
1.3918
1.41328
1.43117
1.4463
1.4598
1.47272
1.48561
1.49837
1.5102
1.51978
1.52559
1.52622
1.52079
1.50915
1.49208
1.47133
1.44953
1.4296
1.41417
1.40481
1.40168
1.40347
1.40782
1.41174
1.41229
1.40723
1.39553
1.37766
1.35555
1.33217
1.31075
1.29379
1.28239
1.27645
1.27558
1.27977
1.28951
1.30513
1.32603
1.35053
1.37612
1.40006
1.41988
1.43387
1.44128
1.44229
1.43806
1.43045
1.42168
1.41386
1.4084
1.4057
1.4051
1.40514
1.40395
1.39973
1.39122
1.37823
1.36208
1.34536
1.33101
1.32093
1.3154
1.31361
1.31477
1.3188
1.32645
1.33861
1.35533
1.37533
1.39616
1.41525
1.4307
1.44163
1.44799
1.45038
1.44982
1.44752
1.44449
1.44117
1.43735
1.43228
1.42511
1.41529
1.40304
1.38975
1.37785
1.37014
1.36862
1.37345
1.38325
1.3961
1.4105
1.42547
1.44033
1.45447
1.46731
1.47844
1.48756
1.49451
1.49901
1.50059
1.49881
1.4936
1.48574
1.47701
1.46984
1.46638
1.46752
1.4724
1.47866
1.48335
1.4838
1.47831
1.46646
1.44916
1.42838
1.40673
1.38669
1.36983
1.35611
1.3439
1.33095
1.31592
1.29964
1.28515
1.27598
1.27378
1.27729
1.28339
1.28927
1.29366
1.29682
1.29967
1.30294
1.30683
1.31104
1.31493
1.31777
1.31888
1.31789
1.31507
1.31144
1.30879
1.30904
1.31336
1.32162
1.33246
1.34412
1.35504
1.36407
1.3703
1.37279
1.37083
1.36449
1.35515
1.34565
1.33963
1.34046
1.34986
1.36707
1.3892
1.41231
1.43278
1.44822
1.45763
1.46115
1.45951
1.45358
1.4441
1.4316
1.41653
1.39958
1.38178
1.36446
1.34885
1.33586
1.32621
1.32101
1.32174
1.32941
1.34329
1.36054
1.3772
1.38971
1.39596
1.39563
1.38991
1.3809
1.37085
1.36152
1.35398
1.34913
1.34828
1.3529
1.36384
1.38053
1.40105
1.42263
1.44225
1.45704
1.46487
1.46476
1.45741
1.44514
1.4312
1.41862
1.40918
1.40318
1.39983
1.39776
1.39533
1.39123
1.38514
1.37845
1.37367
1.37267
1.37464
1.37643
1.37462
1.36797
1.35843
1.35067
1.34966
1.35691
1.36905
1.38074
1.38861
1.39244
1.39366
1.39364
1.39289
1.39134
1.38915
1.38695
1.3857
1.38628
1.38916
1.39435
1.40169
1.41111
1.42256
1.43566
1.4494
1.46213
1.47197
1.47731
1.47712
1.47106
1.45936
1.44268
1.42213
1.39931
1.37632
1.35559
1.33936
1.3291
1.32525
1.32734
1.33434
1.34486
1.35736
1.37029
1.3821
1.39133
1.3966
1.3967
1.39093
1.37964
1.36485
1.35029
1.33998
1.33589
1.33671
1.33927
1.34091
1.34077
1.3394
1.33784
1.33677
1.33631
1.33628
1.33657
1.33745
1.33954
1.34357
1.3499
1.35831
1.36784
1.37695
1.38388
1.38714
1.38576
1.37962
1.36959
1.35768
1.34698
1.34107
1.34272
1.35251
1.36839
1.3866
1.40331
1.41578
1.42282
1.42475
1.42309
1.42012
1.41826
1.41931
1.42382
1.431
1.4392
1.44658
1.45177
1.45411
1.45357
1.45054
1.44552
1.43891
1.43103
1.42208
1.41231
1.40217
1.39223
1.38324
1.37596
1.37118
1.36948
1.37088
1.37469
1.37963
1.38426
1.38746
1.38875
1.38847
1.3875
1.38698
1.38786
1.39065
1.39535
1.40153
1.40846
1.4152
1.42069
1.42399
1.42459
1.4224
1.4176
1.41015
1.3998
1.38627
1.36969
1.35065
1.3306
1.31282
1.30322
1.3084
1.33047
1.3636
1.39773
1.42471
1.44086
1.44599
1.44174
1.4306
1.41531
1.3983
1.38125
1.36489
1.34922
1.3338
1.31807
1.30174
1.28515
1.2692
1.25494
1.24324
1.23478
1.2304
1.23122
1.23831
1.25189
1.27072
1.29245
1.31438
1.33406
1.3496
1.35956
1.36296
1.35929
1.34876
1.33251
1.31251
1.29117
1.27058
1.25184
1.23471
1.21807
1.20138
1.18635
1.17722
1.17847
1.19154
1.2135
1.23912
1.2635
1.28334
1.29687
1.30356
1.30413
1.30041
1.29493
1.29019
1.28777
1.2881
1.29094
1.29629
1.30488
1.31806
1.33689
1.36121
1.38914
1.4175
1.4429
1.46264
1.47505
1.4792
1.47469
1.46154
1.44056
1.41371
1.38413
1.3556
1.33149
1.31413
1.30483
1.3043
1.31286
1.32984
1.35329
1.38028
1.40743
1.43165
1.45059
1.46284
1.46801
1.4665
1.45948
1.44866
1.43607
1.42392
1.41412
1.40789
1.40552
1.40642
1.40933
1.41285
1.41566
1.41686
1.41613
1.41385
1.41092
1.40846
1.40743
1.40821
1.41038
1.41287
1.41426
1.4134
1.40979
1.40381
1.39663
1.38974
1.38457
1.38224
1.38333
1.38792
1.39558
1.40549
1.41658
1.4278
1.43819
1.44688
1.45301
1.45573
1.45439
1.44875
1.43894
1.42537
1.40854
1.38894
1.36726
1.34472
1.32342
1.30636
1.29695
1.29795
1.31
1.33089
1.35621
1.38116
1.40211
1.41719
1.42595
1.42883
1.42685
1.42141
1.41421
1.40704
1.40125
1.39731
1.39481
1.39324
1.39268
1.39387
1.39717
1.40149
1.40449
1.40414
1.40004
1.39342
1.38624
1.38011
1.37559
1.37237
1.36981
1.36744
1.36501
1.36223
1.35855
1.35335
1.34644
1.33846
1.33099
1.32602
1.32536
1.33019
1.34088
1.35702
1.3775
1.40048
1.42348
1.44376
1.45887
1.46709
1.46773
1.46124
1.44905
1.43329
1.41661
1.40198
1.39237
1.39021
1.39661
1.4107
1.42962
1.44933
1.46572
1.47567
1.47761
1.47159
1.45907
1.4425
1.42491
1.40944
1.39882
1.39478
1.39748
1.40565
1.41712
1.42962
1.44131
1.45104
1.45813
1.46225
1.46335
1.4618
1.45831
1.45388
1.44958
1.4464
1.44497
1.4454
1.44718
1.44944
1.45148
1.45322
1.45526
1.45843
1.46323
1.4693
1.47545
1.47999
1.48139
1.47861
1.47157
1.46111
1.4489
1.43704
1.4276
1.42211
1.42113
1.42435
1.431
1.44024
1.45142
1.46388
1.47656
1.4878
1.49559
1.49817
1.49464
1.48538
1.4719
1.45624
1.44046
1.42608
1.41393
1.40447
1.39812
1.39535
1.3963
1.4002
1.40517
1.40887
1.40947
1.40633
1.4
1.39182
1.38347
1.3768
1.37357
1.375
1.38122
1.39086
1.40145
1.41022
1.4151
1.4153
1.41136
1.40464
1.39658
1.3881
1.37949
1.37099
1.36346
1.35868
1.35871
1.36464
1.37556
1.38862
1.40004
1.40624
1.40472
1.39439
1.37573
1.35083
1.32323
1.29742
1.27799
1.26849
1.27041
1.283
1.30383
1.32987
1.35857
1.38831
1.41808
1.44682
1.4729
1.49436
1.50972
1.51864
1.52193
1.52086
1.51643
1.50918
1.49951
1.48783
1.47417
1.45793
1.43819
1.41454
1.38788
1.36071
1.33649
1.31825
1.30729
1.30271
1.30231
1.30386
1.30592
1.30779
1.30925
1.31028
1.31113
1.3124
1.31484
1.31885
1.32381
1.32798
1.32907
1.32523
1.31574
1.30121
1.28313
1.26322
1.24282
1.22311
1.20576
1.19338
1.18888
1.19407
1.20884
1.23169
1.26068
1.29379
1.32889
1.36365
1.3957
1.42309
1.44456
1.45962
1.46844
1.47154
1.46963
1.46354
1.45404
1.44192
1.42803
1.41342
1.39974
1.38931
1.38484
1.38831
1.39955
1.41586
1.43331
1.44831
1.45853
1.46309
1.46224
1.45687
1.44813
1.43721
1.42546
1.41474
1.40751
1.40618
1.41184
1.42357
1.43873
1.45404
1.4667
1.47494
1.4782
1.47687
1.47177
1.46374
1.45332
1.44091
1.42697
1.41226
1.39788
1.38512
1.37493
1.36758
1.36257
1.35877
1.35502
1.35045
1.34488
1.33865
1.33252
1.32714
1.32273
1.319
1.31532
1.31102
1.30588
1.30029
1.29536
1.29273
1.29419
1.30118
1.31431
1.33316
1.35645
1.38232
1.40864
1.43323
1.45403
1.46936
1.47814
1.48002
1.47545
1.46555
1.45174
1.43541
1.41761
1.39895
1.37982
1.36082
1.34325
1.32929
1.32142
1.32112
1.32792
1.33955
1.35297
1.36566
1.37625
1.38449
1.3909
1.39625
1.40128
1.40674
1.41341
1.42196
1.43258
1.44483
1.45765
1.46973
1.47984
1.48705
1.49082
1.49094
1.48738
1.48033
1.47011
1.45719
1.44215
1.42584
1.40943
1.3943
1.38163
1.37182
1.36427
1.35746
1.34965
1.33981
1.32806
1.31556
1.3039
1.2944
1.28756
1.28305
1.27996
1.27722
1.27403
1.27003
1.26525
1.26
1.2547
1.24979
1.24565
1.24271
1.24133
1.24173
1.2436
1.24599
1.2475
1.24681
1.24323
1.23719
1.23035
1.22517
1.22381
1.22701
1.23409
1.24419
1.25741
1.27466
1.29635
1.32123
1.34644
1.36873
1.38561
1.39578
1.39878
1.39483
1.38467
1.36979
1.35248
1.33552
1.32175
1.31335
1.31129
1.31513
1.32333
1.33403
1.34558
1.35672
1.36659
1.37472
1.38098
1.38532
1.38753
1.38705
1.38317
1.37577
1.36578
1.35525
1.34644
1.34102
1.33995
1.34357
1.35148
1.36226
1.37337
1.38178
1.38497
1.38162
1.37196
1.35748
1.34026
1.32241
1.30546
1.29013
1.27672
1.2654
1.25652
1.25045
1.24744
1.24748
1.25038
1.25596
1.26423
1.27582
1.29209
1.31443
1.34249
1.37306
1.40096
1.42131
1.43111
1.42961
1.41791
1.39852
1.37502
1.35134
1.33099
1.31624
1.30766
1.30412
1.3031
1.3015
1.29655
1.28733
1.27649
1.27061
1.27659
1.29561
1.32168
1.34692
1.36662
1.37974
1.38727
1.39065
1.39107
1.38937
1.386
1.38106
1.37434
1.36544
1.35403
1.34044
1.32614
1.31358
1.30508
1.30129
1.30093
1.30196
1.30313
1.30442
1.3066
1.31048
1.31645
1.32416
1.3327
1.34089
1.34759
1.35207
1.35453
1.35631
1.35954
1.36594
1.37578
1.3876
1.39896
1.40739
1.41086
1.40815
1.39894
1.38389
1.36428
1.34161
1.31735
1.29282
1.26937
1.24835
1.23119
1.21899
1.21201
1.20956
1.21029
1.21287
1.21652
1.22101
1.22632
1.2323
1.23828
1.2432
1.24597
1.246
1.24379
1.24099
1.23997
1.24276
1.25026
1.262
1.27662
1.29245
1.30789
1.32184
1.33386
1.34423
1.35359
1.36251
1.37105
1.37875
1.38476
1.38817
1.3884
1.38561
1.38124
1.37807
1.3794
1.38728
1.40097
1.41708
1.43123
1.43976
1.44064
1.43353
1.41932
1.39982
1.3774
1.3546
1.3337
1.31638
1.30369
1.29632
1.29481
1.29959
1.31092
1.32871
1.35215
1.3794
1.40764
1.43371
1.45499
1.46971
1.47691
1.47634
1.46843
1.45447
1.43672
1.41849
1.40405
1.39756
1.40119
1.41356
1.43046
1.44712
1.46003
1.46748
1.46919
1.46564
1.45757
1.44571
1.43106
1.41514
1.40009
1.38844
1.38251
1.38383
1.39237
1.40627
1.42225
1.43664
1.44654
1.45041
1.44812
1.44053
1.42908
1.4152
1.3998
1.38312
1.3651
1.34619
1.32832
1.31486
1.30892
1.31119
1.31969
1.33136
1.34363
1.35487
1.364
1.37022
1.373
1.37216
1.36785
1.36063
1.35155
1.34254
1.3368
1.33823
1.34945
1.36957
1.39442
1.4193
1.44141
1.46037
1.47723
1.49332
1.50934
1.52482
1.538
1.54624
1.54705
1.53908
1.52282
1.50032
1.47404
1.44595
1.4173
1.3892
1.36289
1.33947
1.31981
1.30477
1.29558
1.29355
1.29928
1.31193
1.32921
1.34819
1.36656
1.38329
1.3986
1.41338
1.42825
1.443
1.45652
1.46701
1.47245
1.4712
1.46263
1.44768
1.4291
1.41104
1.39748
1.39018
1.38783
1.38745
1.38643
1.3836
1.37922
1.37453
1.37115
1.37035
1.37252
1.37712
1.38334
1.39053
1.39823
1.4058
1.41213
1.41562
1.41471
1.40854
1.3974
1.38281
1.36712
1.35276
1.34143
1.33355
1.32843
1.32468
1.32086
1.31598
1.30969
1.30225
1.29447
1.28764
1.28335
1.28323
1.28857
1.30001
1.31735
1.33943
1.36419
1.38888
1.41044
1.42618
1.4346
1.43597
1.43249
1.42719
1.42244
1.41873
1.41506
1.41016
1.40348
1.39548
1.38708
1.37924
1.37264
1.36752
1.3636
1.36033
1.35706
1.3532
1.34861
1.34367
1.33938
1.33728
1.33905
1.34592
1.35807
1.37421
1.39192
1.40828
1.42059
1.42691
1.42624
1.41858
1.40488
1.38685
1.36682
1.34732
1.33047
1.31742
1.30831
1.30245
1.29891
1.29688
1.2959
1.2959
1.29682
1.29813
1.29895
1.29872
1.29791
1.29792
1.30025
1.30572
1.31413
1.32447
1.33513
1.34435
1.35034
1.35167
1.34784
1.33988
1.33052
1.32327
1.32049
1.32211
1.32619
1.3308
1.33509
1.33925
1.34379
1.34884
1.35387
1.35782
1.35955
1.35822
1.35372
1.34682
1.33895
1.33183
1.32681
1.32469
1.3259
1.33068
1.33899
1.35016
1.36268
1.37478
1.38512
1.39315
1.39897
1.40264
1.40387
1.40207
1.39652
1.38657
1.37186
1.35255
1.32974
1.30569
1.28361
1.26681
1.25746
1.25583
1.26061
1.26994
1.28218
1.29615
1.31109
1.32647
1.34172
1.35601
1.3681
1.37665
1.3807
1.38015
1.37592
1.36957
1.36289
1.35751
1.35471
1.35504
1.35804
1.36239
1.36656
1.36955
1.37128
1.3724
1.37378
1.37593
1.37882
1.38204
1.38519
1.38811
1.39086
1.39342
1.39546
1.39635
1.39549
1.39288
1.38929
1.3861
1.3848
1.3863
1.39063
1.39706
1.40449
1.41175
1.41771
1.42129
1.42144
1.41738
1.40886
1.39653
1.38205
1.36787
1.35659
1.35025
1.3498
1.35495
1.36437
1.37601
1.3875
1.3965
1.40112
1.40022
1.3935
1.38162
1.36607
1.34883
1.33197
1.31741
1.30671
1.30096
1.30061
1.30539
1.3145
1.32701
1.34202
1.35878
1.37652
1.39439
1.41131
1.42605
1.4371
1.44258
1.44032
1.42854
1.40653
1.37539
1.33822
1.3001
1.26733
1.24562
1.23759
1.24155
1.253
1.26744
1.28223
1.29676
1.31167
1.32813
1.347
1.36851
1.39195
1.41579
1.43806
1.4569
1.47116
1.48052
1.48542
1.48656
1.48458
1.47989
1.47271
1.46326
1.45178
1.43855
1.42398
1.40848
1.3925
1.37646
1.36079
1.34584
1.33197
1.31964
1.30957
1.30282
1.30073
1.30462
1.31543
1.33331
1.35724
1.38522
1.41449
1.44202
1.46501
1.48134
1.4899
1.49077
1.48496
1.47388
1.45876
1.44041
1.41939
1.39657
1.37358
1.35284
1.33694
1.32763
1.3251
1.32794
1.33406
1.34148
1.34875
1.35492
1.35943
1.36202
1.3626
1.36136
1.35871
1.35535
1.35214
1.35
1.34962
1.35115
1.35425
1.35815
1.36195
1.36486
1.36629
1.36595
1.36384
1.36034
1.35617
1.35222
1.34935
1.34805
1.34839
1.35007
1.35273
1.35608
1.3602
1.36549
1.37252
1.38164
1.39261
1.40432
1.41504
1.42275
1.42558
1.42205
1.41131
1.39335
1.36926
1.34146
1.31353
1.28983
1.27459
1.27056
1.27789
1.29388
1.31423
1.33443
1.35085
1.36129
1.36539
1.36463
1.36173
1.35891
1.35672
1.35418
1.35007
1.34377
1.33557
1.32667
1.31952
1.31753
1.32346
1.33713
1.35484
1.37148
1.38305
1.38777
1.38575
1.37847
1.36832
1.35826
1.35139
1.35026
1.35606
1.36814
1.38425
1.40139
1.41685
1.42897
1.43737
1.44261
1.44581
1.44831
1.45127
1.45532
1.46031
1.46524
1.46852
1.46871
1.46517
1.45833
1.44961
1.44096
1.43421
1.43052
1.42999
1.43162
1.43393
1.43575
1.43682
1.43796
1.44039
1.44491
1.45124
1.45802
1.46325
1.46488
1.46147
1.45282
1.43993
1.42474
1.40951
1.39614
1.3859
1.37944
1.3771
1.37899
1.38484
1.39369
1.40404
1.41425
1.42298
1.42951
1.43383
1.43653
1.43839
1.43998
1.44133
1.44202
1.44149
1.43949
1.43619
1.43217
1.42803
1.4243
1.42142
1.4201
1.4213
1.42598
1.43447
1.44602
1.45892
1.47134
1.48221
1.4915
1.49969
1.50682
1.51193
1.51351
1.51035
1.50205
1.48905
1.47216
1.45222
1.43023
1.40775
1.387
1.37072
1.36134
1.36003
1.3663
1.37826
1.39356
1.41014
1.42671
1.44268
1.45784
1.47219
1.48574
1.49836
1.50973
1.51929
1.52623
1.52956
1.52826
1.52157
1.50944
1.49265
1.47273
1.45166
1.43137
1.41365
1.39991
1.39103
1.38709
1.38711
1.3894
1.39197
1.39305
1.3913
1.3858
1.37588
1.36111
1.34146
1.31758
1.29135
1.26617
1.2465
1.23646
1.23819
1.25121
1.27283
1.29889
1.32443
1.34475
1.35659
1.3589
1.35336
1.34415
1.33683
1.33652
1.34576
1.3636
1.38632
1.40925
1.4285
1.4417
1.44818
1.44879
1.44548
1.44073
1.43669
1.43421
1.43252
1.42985
1.42455
1.4159
1.40407
1.38955
1.37278
1.35417
1.33473
1.31616
1.30053
1.28983
1.28558
1.28862
1.29887
1.31502
1.33473
1.35511
1.37348
1.38766
1.39616
1.39846
1.39494
1.38682
1.3756
1.3626
1.34849
1.33336
1.31706
1.29983
1.28279
1.26786
1.25729
1.25292
1.25557
1.26497
1.27983
1.29816
1.3176
1.33573
1.35042
1.36013
1.36408
1.36224
1.35526
1.3443
1.33096
1.31711
1.30478
1.29573
1.29103
1.29076
1.2941
1.29984
1.30701
1.31532
1.32515
1.3373
1.35244
1.37063
1.3909
1.41117
1.42849
1.43974
1.44254
1.43567
1.41934
1.3951
1.36568
1.33466
1.30591
1.2829
1.26788
1.26145
1.26261
1.26917
1.27843
1.28796
1.29611
1.30231
1.30702
1.31144
1.317
1.32493
1.33594
1.35005
1.36667
1.3847
1.40265
1.41869
1.43096
1.43795
1.43886
1.43416
1.42575
1.41686
1.41125
1.41195
1.42006
1.43426
1.45146
1.4681
1.48128
1.48928
1.49174
1.48933
1.48349
1.47596
1.46829
1.46146
1.45561
1.4501
1.4438
1.43552
1.42443
1.4102
1.3932
1.37456
1.35639
1.34171
1.33358
1.33383
1.3421
1.35603
1.37253
1.38887
1.40338
1.41541
1.42514
1.4331
1.43983
1.44573
1.45108
1.45605
1.46068
1.46484
1.46826
1.47046
1.47092
1.46915
1.4649
1.4583
1.44986
1.44046
1.4311
1.42279
1.41631
1.41196
1.40927
1.40718
1.40435
1.39958
1.3921
1.3816
1.36836
1.35329
1.33779
1.32363
1.31252
1.30562
1.30325
1.30501
1.3101
1.31769
1.32712
1.33812
1.35063
1.36486
1.38104
1.39929
1.41919
1.43978
1.45938
1.47596
1.48738
1.49189
1.48847
1.47701
1.45848
1.43477
1.4085
1.38241
1.3587
1.33838
1.32079
1.30403
1.28602
1.26586
1.24476
1.22562
1.21115
1.20194
1.19639
1.19223
1.18777
1.1826
1.17756
1.17472
1.17679
1.18613
1.20345
1.22748
1.25531
1.28347
1.30872
1.32856
1.34132
1.34619
1.34305
1.33242
1.31547
1.29402
1.27062
1.24828
1.22995
1.21767
1.21217
1.21305
1.21968
1.2315
1.24793
1.268
1.29017
1.31255
1.33331
1.35088
1.3641
1.37218
1.37471
1.3716
1.36327
1.35068
1.33556
1.32032
1.30789
1.30119
1.30239
1.312
1.32844
1.34859
1.3692
1.3882
1.40515
1.42074
1.43567
1.44977
1.46186
1.47008
1.47263
1.46824
1.45671
1.43908
1.41775
1.39647
1.37981
1.37176
1.37363
1.38304
1.39502
1.4042
1.40669
1.40077
1.38671
1.36634
1.34229
1.31717
1.29302
1.27111
1.25213
1.23659
1.22526
1.21953
1.22098
1.23032
1.24654
1.26703
1.2887
1.3089
1.32574
1.33806
1.34524
1.34715
1.34412
1.33696
1.32695
1.31575
1.30507
1.29619
1.28942
1.28414
1.27924
1.27416
1.26995
1.26952
1.27648
1.29275
1.31667
1.34385
1.3699
1.39247
1.4115
1.42791
1.44221
1.45372
1.46094
1.46253
1.45807
1.44852
1.43603
1.42369
1.41473
1.41163
1.41511
1.42364
1.43413
1.44309
1.44766
1.44608
1.43783
1.42361
1.40547
1.38673
1.37141
1.36316
1.36365
1.37157
1.3833
1.39455
1.40183
1.40287
1.39702
1.38563
1.37228
1.36182
1.35811
1.36201
1.37149
1.3836
1.3962
1.40828
1.41917
1.42776
1.43231
1.43088
1.42197
1.40512
1.38133
1.35322
1.32465
1.30014
1.2837
1.27782
1.28288
1.29737
1.31867
1.34371
1.36945
1.39303
1.41196
1.42451
1.4301
1.42958
1.42516
1.41969
1.41561
1.4142
1.41544
1.41842
1.42209
1.42557
1.42847
1.43087
1.43317
1.43591
1.4396
1.44461
1.451
1.45836
1.46591
1.4726
1.47729
1.479
1.477
1.47092
1.46071
1.44657
1.42884
1.40816
1.38551
1.36219
1.3396
1.31881
1.30032
1.28396
1.26897
1.25446
1.23981
1.22518
1.21173
1.20151
1.1968
1.19931
1.20937
1.22567
1.24562
1.2661
1.28424
1.29805
1.30668
1.31036
1.31022
1.3078
1.30467
1.302
1.30037
1.29978
1.29988
1.3003
1.30091
1.3019
1.30362
1.30624
1.30954
1.31303
1.31653
1.32082
1.32777
1.33934
1.35616
1.37687
1.39914
1.42084
1.44057
1.45718
1.46954
1.47669
1.47819
1.47435
1.46609
1.45454
1.44084
1.42605
1.41124
1.39757
1.386
1.37718
1.37121
1.36744
1.3647
1.36166
1.35742
1.35191
1.34577
1.33992
1.33538
1.3331
1.3339
1.33829
1.3462
1.35691
1.36915
1.38146
1.39247
1.40115
1.40682
1.40914
1.40795
1.4032
1.39501
1.38405
1.37188
1.36116
1.35514
1.35634
1.36533
1.38041
1.3986
1.4167
1.43201
1.44264
1.44759
1.44687
1.44159
1.43386
1.42633
1.42144
1.42052
1.42329
1.42808
1.4325
1.43444
1.43265
1.42694
1.41802
1.4073
1.3966
1.38762
1.38155
1.37887
1.37946
1.38262
1.38721
1.39171
1.39455
1.39447
1.39089
1.38422
1.37596
1.36857
1.36477
1.36647
1.37383
1.38505
1.39734
1.40794
1.41489
1.4173
1.41515
1.4092
1.4008
1.39165
1.38349
1.37754
1.37425
1.37338
1.37433
1.3765
1.37944
1.3827
1.38564
1.38718
1.38611
1.3814
1.37274
1.36089
1.34787
1.33639
1.3289
1.32665
1.32938
1.33567
1.34369
1.35183
1.35892
1.36433
1.36789
1.36964
1.36973
1.36832
1.36572
1.36236
1.35882
1.35555
1.35275
1.35027
1.34776
1.34501
1.34213
1.33958
1.33799
1.33786
1.33932
1.34207
1.34551
1.34898
1.35213
1.35498
1.35802
1.36205
1.368
1.37669
1.38864
1.40378
1.42119
1.43923
1.45593
1.46943
1.47838
1.48204
1.48038
1.47396
1.46396
1.45208
1.4402
1.43001
1.4227
1.41887
1.4184
1.42046
1.42365
1.42631
1.427
1.42463
1.41869
1.40908
1.39621
1.38106
1.36539
1.35164
1.3424
1.33951
1.34328
1.35233
1.36406
1.37562
1.38488
1.39105
1.39473
1.39763
1.40176
1.40847
1.41776
1.42834
1.43823
1.44574
1.44994
1.45081
1.44886
1.44471
1.43869
1.43079
1.42067
1.40791
1.39204
1.37263
1.34954
1.32322
1.29509
1.26765
1.24417
1.22763
1.21942
1.21899
1.22497
1.23692
1.2559
1.28326
1.31857
1.35851
1.39773
1.43087
1.45412
1.46606
1.46772
1.46235
1.45429
1.4474
1.44349
1.64753
1.64236
1.63196
1.61461
1.59036
1.56178
1.53417
1.51426
1.50732
1.51435
1.53178
1.55377
1.57508
1.59259
1.60526
1.61339
1.618
1.62041
1.62199
1.62371
1.62585
1.62803
1.62952
1.62957
1.62782
1.62443
1.62036
1.61703
1.61577
1.61709
1.62047
1.62487
1.62956
1.63442
1.6394
1.64384
1.64605
1.64376
1.63477
1.61768
1.59258
1.56136
1.52776
1.4969
1.47393
1.4624
1.46303
1.47376
1.49098
1.51088
1.53041
1.54748
1.56096
1.57041
1.57596
1.57794
1.57688
1.57328
1.56765
1.56021
1.55075
1.53865
1.52313
1.50369
1.48062
1.45538
1.43076
1.41084
1.40089
1.4066
1.43176
1.47446
1.52585
1.57479
1.61362
1.64007
1.65581
1.6641
1.668
1.66938
1.66861
1.66511
1.65784
1.64577
1.62826
1.60543
1.57845
1.5499
1.52352
1.5032
1.49125
1.4872
1.488
1.48999
1.49075
1.48996
1.48876
1.48845
1.48935
1.49063
1.49075
1.48862
1.48486
1.4831
1.48909
1.50582
1.52967
1.55311
1.57052
1.58045
1.58429
1.58431
1.58268
1.58127
1.58171
1.58524
1.59244
1.60288
1.61516
1.62737
1.63757
1.64424
1.64631
1.64313
1.63457
1.62135
1.60529
1.58925
1.57634
1.56892
1.56771
1.57154
1.57777
1.58304
1.58409
1.57865
1.56589
1.54663
1.52317
1.49871
1.47664
1.4596
1.44906
1.4454
1.44831
1.4572
1.47122
1.48926
1.50996
1.53194
1.55382
1.57408
1.59088
1.60224
1.60664
1.60369
1.5947
1.58234
1.56975
1.55952
1.55296
1.55009
1.5501
1.55171
1.55348
1.55392
1.55179
1.54639
1.53785
1.52735
1.51692
1.50843
1.50231
1.49735
1.49211
1.4865
1.48184
1.47959
1.48011
1.48243
1.48503
1.4867
1.48696
1.48586
1.48353
1.47987
1.47453
1.46719
1.45778
1.44662
1.43439
1.42183
1.40961
1.39847
1.38941
1.38344
1.38083
1.38044
1.38009
1.37773
1.37267
1.36592
1.3599
1.35753
1.36103
1.37096
1.38605
1.40373
1.42099
1.43521
1.44467
1.44884
1.44854
1.44558
1.4423
1.44081
1.44238
1.44718
1.45431
1.46232
1.46957
1.47472
1.47682
1.4755
1.47118
1.46537
1.46075
1.46063
1.46739
1.48107
1.49925
1.51834
1.53498
1.54687
1.55287
1.55267
1.54671
1.53607
1.52245
1.50788
1.49423
1.48276
1.47387
1.4671
1.46155
1.45628
1.45058
1.44401
1.43642
1.42797
1.41914
1.41087
1.40436
1.40074
1.40056
1.40341
1.40813
1.41343
1.41856
1.42351
1.42892
1.43564
1.4445
1.45575
1.46887
1.48265
1.49587
1.50781
1.51833
1.52734
1.53434
1.5383
1.53792
1.53213
1.52053
1.50351
1.48222
1.45838
1.43406
1.41153
1.39346
1.38312
1.38386
1.39788
1.42467
1.46057
1.49972
1.53631
1.56636
1.58846
1.60348
1.61363
1.62131
1.62824
1.63512
1.64175
1.64742
1.65124
1.65227
1.64965
1.64266
1.63089
1.61461
1.5948
1.57315
1.55161
1.53185
1.51496
1.50121
1.49015
1.48084
1.47221
1.46331
1.45357
1.44288
1.4317
1.42089
1.41141
1.4039
1.39872
1.39638
1.39773
1.40366
1.41418
1.42771
1.44131
1.45165
1.45611
1.45364
1.44516
1.43336
1.42207
1.41499
1.41419
1.41907
1.4267
1.43338
1.43656
1.43604
1.43351
1.43107
1.43006
1.43103
1.4342
1.43915
1.44474
1.44989
1.45482
1.46109
1.4705
1.48353
1.49869
1.51324
1.52477
1.53254
1.53759
1.54172
1.54618
1.55099
1.55542
1.55867
1.56033
1.56037
1.55887
1.55563
1.55004
1.54116
1.52818
1.51121
1.49199
1.47402
1.46171
1.45878
1.46653
1.483
1.50358
1.52242
1.53409
1.53493
1.52397
1.504
1.48238
1.46886
1.46892
1.4792
1.4914
1.49898
1.4994
1.49283
1.48087
1.46604
1.45153
1.44052
1.43532
1.43674
1.444
1.45521
1.46812
1.48075
1.49183
1.5009
1.50808
1.51361
1.51748
1.51929
1.51862
1.51547
1.51079
1.50646
1.50472
1.50695
1.51275
1.52003
1.52626
1.52958
1.52935
1.52594
1.52017
1.51302
1.50548
1.49813
1.4908
1.48246
1.47181
1.45817
1.44225
1.42637
1.4143
1.41011
1.41613
1.43141
1.45233
1.47466
1.49511
1.51159
1.52281
1.52776
1.52552
1.51529
1.49676
1.47066
1.43944
1.40746
1.38012
1.36172
1.35369
1.35462
1.36169
1.37221
1.38423
1.39667
1.40911
1.42133
1.43292
1.44336
1.4525
1.46083
1.46943
1.47924
1.49028
1.50155
1.51185
1.52038
1.52697
1.53198
1.53593
1.53913
1.54136
1.54164
1.53888
1.53293
1.52613
1.52302
1.52679
1.5354
1.54255
1.54249
1.53322
1.51619
1.49456
1.47186
1.45132
1.43548
1.4262
1.42434
1.42949
1.43987
1.45281
1.4654
1.47531
1.48127
1.48339
1.48303
1.48246
1.48423
1.49017
1.5003
1.51259
1.52395
1.53213
1.53724
1.54144
1.54707
1.55471
1.56292
1.56962
1.57359
1.57506
1.57522
1.5755
1.57676
1.57905
1.58155
1.5829
1.58144
1.57551
1.56368
1.54518
1.52035
1.49131
1.46207
1.43782
1.42332
1.42092
1.42967
1.44582
1.46456
1.48185
1.49555
1.50549
1.51282
1.51906
1.52519
1.53115
1.5357
1.53693
1.5331
1.52357
1.50957
1.49408
1.48089
1.47275
1.46996
1.47074
1.47274
1.47447
1.47582
1.47747
1.48006
1.48382
1.48892
1.49615
1.50664
1.5206
1.53624
1.55044
1.5605
1.56521
1.56473
1.56009
1.553
1.54581
1.54132
1.54179
1.54784
1.55811
1.57019
1.58204
1.59259
1.60157
1.60898
1.61459
1.61788
1.61832
1.61572
1.61042
1.60323
1.5952
1.58737
1.58041
1.57459
1.56986
1.56596
1.56244
1.55859
1.55325
1.54496
1.53256
1.51601
1.49688
1.47812
1.46271
1.45236
1.44694
1.44539
1.44695
1.45175
1.46032
1.47262
1.48735
1.50253
1.51655
1.52886
1.53948
1.54827
1.55443
1.55657
1.5535
1.5449
1.53176
1.51636
1.5017
1.49074
1.48565
1.48705
1.49368
1.50279
1.51122
1.51653
1.51741
1.51372
1.50612
1.49563
1.48351
1.47109
1.45982
1.45124
1.44693
1.44809
1.45496
1.46643
1.48022
1.49357
1.50402
1.51026
1.51224
1.51106
1.50824
1.50499
1.50175
1.49832
1.49466
1.49144
1.49003
1.49158
1.49611
1.50229
1.50825
1.51241
1.51414
1.51398
1.51341
1.51402
1.51667
1.52093
1.5252
1.52726
1.52513
1.51783
1.50572
1.49041
1.47457
1.46139
1.45401
1.4548
1.46463
1.48268
1.50658
1.53296
1.55801
1.57803
1.59004
1.5923
1.58463
1.56821
1.54512
1.51797
1.48984
1.46426
1.4446
1.43321
1.4307
1.43603
1.44722
1.46219
1.47918
1.4968
1.51391
1.52951
1.5427
1.55261
1.55871
1.56107
1.56062
1.55898
1.55805
1.55937
1.5636
1.57024
1.57779
1.58423
1.5876
1.58642
1.57981
1.56757
1.54999
1.52796
1.50306
1.47768
1.45502
1.43875
1.43222
1.43712
1.45251
1.4749
1.49942
1.52134
1.53731
1.54615
1.54919
1.54989
1.55238
1.5591
1.56939
1.57994
1.58681
1.58727
1.58051
1.56759
1.55086
1.53319
1.51715
1.50454
1.49618
1.49203
1.49153
1.49386
1.49824
1.50404
1.51085
1.51848
1.52686
1.53609
1.54632
1.5576
1.56948
1.58097
1.59068
1.59741
1.6004
1.59942
1.59466
1.58672
1.57653
1.5653
1.55454
1.5459
1.54083
1.54014
1.54354
1.5496
1.5564
1.56235
1.56654
1.56884
1.5695
1.56895
1.56763
1.56574
1.56315
1.5595
1.55444
1.54802
1.54093
1.53434
1.52938
1.5267
1.52613
1.52704
1.52871
1.53084
1.53361
1.53747
1.54262
1.54878
1.55533
1.56167
1.56749
1.57285
1.57802
1.58337
1.58925
1.59579
1.60275
1.60949
1.61518
1.61919
1.62131
1.62196
1.62191
1.6219
1.62217
1.62214
1.62056
1.61614
1.60838
1.5981
1.58741
1.57861
1.57288
1.56952
1.56644
1.56144
1.55347
1.54321
1.53277
1.52486
1.5217
1.52432
1.53235
1.54445
1.55908
1.57493
1.59105
1.60661
1.62051
1.63119
1.6368
1.63573
1.62727
1.61219
1.59288
1.57273
1.55496
1.54154
1.53299
1.52858
1.52704
1.52715
1.52821
1.53034
1.53417
1.54017
1.54804
1.55651
1.56399
1.56925
1.57201
1.57285
1.57265
1.57163
1.56887
1.56267
1.55168
1.53591
1.51695
1.49749
1.47998
1.46526
1.45233
1.43936
1.42521
1.41011
1.39553
1.38357
1.37611
1.37407
1.37711
1.38395
1.39311
1.40362
1.41497
1.42645
1.43656
1.44313
1.44419
1.43901
1.42837
1.41416
1.39869
1.38429
1.37314
1.36741
1.3692
1.3798
1.39873
1.4233
1.44947
1.47352
1.49356
1.51013
1.52546
1.54145
1.55794
1.57275
1.58329
1.58798
1.5865
1.57956
1.56843
1.5546
1.53962
1.52493
1.51174
1.50108
1.49381
1.49025
1.48975
1.49043
1.48979
1.48562
1.47678
1.46346
1.44713
1.43029
1.41609
1.40761
1.40669
1.41353
1.4272
1.44662
1.47081
1.4985
1.52776
1.55587
1.5797
1.59637
1.60411
1.60272
1.59368
1.57999
1.56559
1.55451
1.54936
1.55036
1.55542
1.56147
1.56598
1.56768
1.56633
1.56237
1.5569
1.55174
1.54897
1.54988
1.55462
1.56242
1.57216
1.58242
1.59151
1.59767
1.59948
1.59628
1.58822
1.57605
1.56082
1.54344
1.52459
1.50477
1.48445
1.46437
1.44544
1.42857
1.41434
1.40297
1.39482
1.391
1.39337
1.40379
1.4225
1.44715
1.47351
1.49749
1.51708
1.53254
1.54501
1.55462
1.56032
1.56119
1.55777
1.55212
1.54707
1.5452
1.54813
1.55602
1.56751
1.58014
1.59095
1.59731
1.59739
1.5903
1.57615
1.55601
1.53191
1.50666
1.4836
1.46608
1.45684
1.45749
1.46807
1.48701
1.51144
1.53794
1.56343
1.58586
1.6044
1.61916
1.63048
1.63829
1.64187
1.64032
1.6332
1.62108
1.60567
1.58965
1.57588
1.56651
1.56216
1.56173
1.5629
1.56299
1.55961
1.5511
1.53671
1.5167
1.49227
1.46553
1.43958
1.41828
1.40536
1.40301
1.41064
1.425
1.44171
1.45694
1.46832
1.47503
1.4772
1.4755
1.47088
1.46458
1.45813
1.4535
1.45274
1.45728
1.46705
1.48029
1.49408
1.50522
1.51112
1.51047
1.50344
1.49153
1.47704
1.46264
1.45093
1.44404
1.44302
1.44741
1.45562
1.46568
1.47593
1.48528
1.49294
1.49828
1.50065
1.49953
1.49518
1.48932
1.48552
1.48835
1.50092
1.52253
1.5487
1.57406
1.59488
1.61012
1.62074
1.62869
1.63581
1.64307
1.65024
1.65611
1.65915
1.65814
1.65255
1.64271
1.6298
1.61567
1.60228
1.591
1.58211
1.57485
1.56805
1.56092
1.5534
1.54588
1.53867
1.53165
1.52461
1.51784
1.51239
1.50949
1.50997
1.51396
1.52124
1.53142
1.54396
1.55806
1.57275
1.58702
1.60003
1.61111
1.61986
1.62608
1.62983
1.63135
1.63122
1.63022
1.62909
1.62834
1.62798
1.62768
1.62697
1.62534
1.62207
1.61606
1.60575
1.58942
1.56587
1.53521
1.49924
1.46108
1.42417
1.39154
1.3657
1.34848
1.34048
1.34084
1.34797
1.36052
1.37779
1.39929
1.4238
1.44868
1.47034
1.48548
1.49237
1.49136
1.48475
1.47615
1.4694
1.46747
1.47152
1.48074
1.49296
1.5055
1.5158
1.52179
1.52229
1.51728
1.50772
1.49512
1.48083
1.46578
1.4504
1.4348
1.41905
1.40334
1.3881
1.3742
1.36288
1.35536
1.35241
1.35432
1.3611
1.37283
1.38974
1.41209
1.43991
1.47241
1.5075
1.54171
1.57077
1.59081
1.59953
1.59683
1.58459
1.56606
1.54495
1.52486
1.50889
1.49954
1.49846
1.50586
1.52019
1.53829
1.55641
1.57116
1.58018
1.5822
1.57681
1.5643
1.54579
1.5236
1.50122
1.4829
1.47248
1.47216
1.48196
1.49994
1.5229
1.54719
1.56955
1.58774
1.60107
1.61067
1.61893
1.62795
1.63791
1.64668
1.65125
1.64942
1.64067
1.62599
1.60725
1.58656
1.56566
1.54576
1.52778
1.5127
1.50163
1.49541
1.49403
1.49633
1.50025
1.5034
1.5035
1.49884
1.48839
1.47196
1.45052
1.42634
1.4029
1.38401
1.37223
1.36781
1.36873
1.37222
1.37649
1.38171
1.39003
1.40436
1.42636
1.45485
1.48587
1.51446
1.53661
1.55046
1.55641
1.55648
1.55324
1.54875
1.54426
1.54031
1.53695
1.53376
1.52987
1.52423
1.5159
1.50431
1.48924
1.47084
1.44996
1.42875
1.4113
1.40308
1.40866
1.42895
1.46009
1.49516
1.52717
1.55132
1.56551
1.56968
1.56493
1.55288
1.53538
1.51451
1.49263
1.47233
1.45598
1.44508
1.43981
1.43938
1.44271
1.44877
1.45636
1.46411
1.47104
1.47695
1.48238
1.48806
1.49425
1.50061
1.5066
1.5121
1.51754
1.52376
1.53129
1.53981
1.54825
1.55541
1.56083
1.56502
1.56916
1.57434
1.58088
1.58824
1.59532
1.60118
1.60545
1.60858
1.6116
1.61567
1.62165
1.62977
1.63967
1.65058
1.66151
1.67142
1.67916
1.68349
1.68314
1.67699
1.66433
1.64514
1.62064
1.59378
1.56906
1.55144
1.54448
1.54896
1.56265
1.58134
1.60038
1.616
1.62593
1.62952
1.62737
1.62092
1.61206
1.60255
1.59364
1.58573
1.57829
1.57008
1.55964
1.54573
1.52775
1.50594
1.48157
1.45699
1.43535
1.41988
1.41307
1.41616
1.42891
1.44995
1.47712
1.50773
1.53874
1.56703
1.58983
1.60533
1.61316
1.6147
1.61271
1.61061
1.61147
1.6172
1.62813
1.64281
1.65841
1.67142
1.6785
1.6773
1.66702
1.64874
1.62521
1.60006
1.5766
1.5567
1.54034
1.5261
1.51238
1.49848
1.48488
1.473
1.46449
1.46059
1.46156
1.46658
1.47403
1.48205
1.48899
1.49381
1.49612
1.49598
1.49356
1.48897
1.48227
1.47359
1.46354
1.45343
1.44522
1.44114
1.443
1.45165
1.46661
1.4863
1.50858
1.53129
1.55243
1.57022
1.58328
1.59091
1.59332
1.5915
1.58689
1.58097
1.57473
1.56817
1.56026
1.54953
1.53506
1.51756
1.49973
1.48585
1.48038
1.48602
1.50258
1.52746
1.55696
1.5874
1.61554
1.63868
1.65476
1.6625
1.6613
1.65135
1.63342
1.60882
1.57927
1.54698
1.51493
1.48732
1.46945
1.46606
1.47866
1.50422
1.53683
1.57051
1.60095
1.62549
1.64215
1.64909
1.64475
1.62884
1.60345
1.57289
1.54236
1.51607
1.49648
1.48456
1.4805
1.48358
1.49193
1.50272
1.5129
1.51993
1.52223
1.51968
1.51368
1.50683
1.50195
1.5008
1.50327
1.50752
1.51102
1.51168
1.50854
1.50176
1.49219
1.48068
1.46759
1.45259
1.43482
1.41347
1.38831
1.35993
1.32962
1.29924
1.27121
1.24842
1.23409
1.23106
1.24095
1.2638
1.29795
1.34043
1.38728
1.43391
1.47575
1.50884
1.53035
1.5389
1.53478
1.52
1.498
1.47302
1.44915
1.42963
1.41655
1.41089
1.41261
1.42091
1.4345
1.45125
1.46796
1.48045
1.48463
1.47787
1.46043
1.4362
1.41177
1.39344
1.38388
1.38109
1.38098
1.38049
1.37896
1.37761
1.37844
1.3832
1.39271
1.40661
1.42335
1.44061
1.45606
1.46814
1.47642
1.48122
1.48256
1.47988
1.4729
1.46264
1.4515
1.44252
1.43829
1.44027
1.44849
1.46186
1.4787
1.49723
1.51584
1.53327
1.5487
1.56188
1.57304
1.58255
1.59046
1.5962
1.59866
1.59675
1.59008
1.57977
1.56852
1.55949
1.55444
1.55259
1.55153
1.54899
1.54388
1.53624
1.52658
1.51522
1.50216
1.4872
1.47048
1.45296
1.43689
1.42548
1.42181
1.42723
1.44046
1.45817
1.47653
1.49236
1.50367
1.50943
1.50948
1.50454
1.49625
1.48717
1.48029
1.47827
1.48257
1.49323
1.50922
1.52928
1.55236
1.57733
1.60263
1.62637
1.64704
1.66405
1.67765
1.68824
1.69556
1.69852
1.69565
1.68587
1.66913
1.64671
1.62096
1.59482
1.57102
1.55142
1.5369
1.52768
1.52376
1.52518
1.53203
1.54423
1.56107
1.58095
1.60147
1.61991
1.63396
1.64211
1.64391
1.63988
1.63126
1.61954
1.60602
1.59151
1.57641
1.56124
1.54737
1.53738
1.53439
1.54029
1.55391
1.57094
1.58592
1.59481
1.59595
1.58987
1.57807
1.56218
1.54366
1.52408
1.50543
1.48993
1.47912
1.47308
1.47039
1.46898
1.46718
1.46446
1.46156
1.45994
1.46099
1.46509
1.47143
1.47822
1.48343
1.48564
1.48449
1.48085
1.47641
1.47308
1.47247
1.47575
1.48376
1.49699
1.51532
1.53757
1.56139
1.58351
1.6005
1.60946
1.60857
1.59731
1.57646
1.54796
1.51475
1.48053
1.44911
1.42364
1.40585
1.3959
1.39295
1.39594
1.40419
1.41754
1.43598
1.45937
1.48709
1.51772
1.54898
1.57819
1.60318
1.62271
1.63626
1.64343
1.6436
1.63604
1.62042
1.59762
1.57045
1.54353
1.52216
1.51022
1.5085
1.51442
1.52325
1.52987
1.53039
1.52292
1.50753
1.48566
1.45949
1.43132
1.4036
1.37911
1.36092
1.35184
1.35325
1.36451
1.38341
1.40718
1.43317
1.45899
1.4825
1.50208
1.51667
1.52583
1.52968
1.52865
1.52322
1.51376
1.50047
1.48367
1.46424
1.4441
1.42611
1.41338
1.40808
1.41073
1.42025
1.43461
1.45148
1.4685
1.48365
1.49548
1.50341
1.50762
1.50874
1.5073
1.50369
1.49839
1.49214
1.48586
1.48053
1.47699
1.47578
1.47707
1.48095
1.48782
1.49838
1.51304
1.53108
1.55062
1.56942
1.58582
1.59896
1.60864
1.61502
1.61843
1.61903
1.6168
1.61156
1.60318
1.59191
1.57866
1.5648
1.5515
1.5393
1.52808
1.51746
1.50704
1.49663
1.48642
1.47709
1.46967
1.46519
1.46441
1.46754
1.47416
1.4832
1.49308
1.50219
1.50953
1.51506
1.51956
1.52414
1.52945
1.53533
1.54092
1.54508
1.5467
1.54495
1.53965
1.53166
1.52307
1.51659
1.51446
1.51722
1.52359
1.53093
1.53631
1.53765
1.53454
1.52845
1.52223
1.51895
1.52051
1.52663
1.5349
1.54217
1.54593
1.54511
1.53976
1.53023
1.51651
1.49819
1.47531
1.44959
1.42493
1.40616
1.3965
1.39639
1.40453
1.41924
1.43869
1.46093
1.48418
1.50711
1.52883
1.5486
1.56575
1.57981
1.5906
1.59814
1.60237
1.60292
1.59929
1.59119
1.57888
1.56339
1.54652
1.53055
1.51795
1.51091
1.51088
1.51806
1.53135
1.54867
1.56758
1.5857
1.60101
1.61197
1.61765
1.61787
1.61334
1.60557
1.59643
1.58767
1.58045
1.57517
1.5716
1.56891
1.56593
1.56158
1.55531
1.54725
1.53776
1.52673
1.51339
1.49698
1.47793
1.45842
1.4421
1.43343
1.4363
1.45268
1.48172
1.51991
1.56206
1.60271
1.63726
1.66252
1.6769
1.68017
1.67303
1.65666
1.63259
1.60271
1.56932
1.53487
1.50153
1.47092
1.44406
1.42174
1.40476
1.39375
1.38877
1.38919
1.39417
1.40355
1.41832
1.44009
1.46978
1.50651
1.54749
1.58897
1.62724
1.65919
1.68258
1.69607
1.6992
1.69256
1.67761
1.65632
1.63075
1.60269
1.57382
1.54596
1.52152
1.50302
1.49221
1.48886
1.49059
1.49392
1.49586
1.49509
1.49197
1.488
1.48508
1.48486
1.48834
1.49571
1.50635
1.51886
1.53113
1.54071
1.54528
1.54326
1.53435
1.52
1.50322
1.48771
1.47633
1.46986
1.46742
1.4679
1.47079
1.47542
1.48012
1.48239
1.48018
1.4729
1.46172
1.4491
1.43785
1.42995
1.42578
1.42432
1.42416
1.42421
1.4238
1.42268
1.42089
1.41863
1.41602
1.41302
1.40955
1.40555
1.401
1.39568
1.38907
1.38062
1.37018
1.35837
1.34683
1.33796
1.33431
1.33788
1.34968
1.36937
1.39534
1.42512
1.45595
1.48535
1.51155
1.53366
1.55147
1.56528
1.57529
1.58153
1.58401
1.58296
1.57902
1.57315
1.56636
1.55962
1.55351
1.54802
1.54266
1.53709
1.53185
1.52831
1.52797
1.53125
1.53728
1.5448
1.55313
1.56198
1.57068
1.57789
1.58234
1.58341
1.58144
1.57761
1.57333
1.56964
1.56682
1.56495
1.56407
1.56413
1.56455
1.56426
1.56189
1.55615
1.54631
1.53248
1.51564
1.49748
1.47991
1.46472
1.45323
1.44621
1.44392
1.44618
1.45276
1.46353
1.47848
1.49743
1.51955
1.5431
1.56565
1.58467
1.59825
1.60559
1.60714
1.60432
1.59906
1.59338
1.58899
1.58708
1.58821
1.59218
1.59798
1.60417
1.60962
1.6142
1.61884
1.62474
1.63238
1.64097
1.6489
1.65432
1.65557
1.6513
1.64063
1.62352
1.60121
1.57631
1.55216
1.53198
1.51824
1.51239
1.51424
1.5214
1.52989
1.53594
1.53789
1.53684
1.53591
1.53823
1.54498
1.55485
1.56511
1.57305
1.5767
1.57492
1.56727
1.55392
1.53584
1.51498
1.49441
1.47783
1.46817
1.46625
1.47046
1.47773
1.4849
1.48957
1.49033
1.48684
1.47991
1.47146
1.46413
1.46039
1.46159
1.4676
1.47701
1.48775
1.49805
1.50709
1.51514
1.52315
1.53216
1.5429
1.55558
1.56979
1.58458
1.5985
1.60981
1.61664
1.61756
1.61197
1.60046
1.58465
1.56656
1.54818
1.53104
1.5166
1.50637
1.50194
1.50426
1.51295
1.52596
1.54003
1.55201
1.56013
1.56481
1.56843
1.57423
1.58487
1.60141
1.62293
1.64671
1.66895
1.6857
1.6939
1.69182
1.67925
1.65766
1.63022
1.60131
1.57547
1.5562
1.54529
1.54289
1.54808
1.55945
1.57526
1.59337
1.61128
1.62632
1.63621
1.63984
1.63777
1.63231
1.6265
1.62229
1.61909
1.6142
1.60452
1.58828
1.56557
1.53816
1.50876
1.4803
1.45514
1.43478
1.42011
1.41174
1.41044
1.41711
1.4323
1.45567
1.48539
1.51834
1.55085
1.57953
1.60171
1.61553
1.61976
1.61387
1.59822
1.57453
1.54621
1.51797
1.49444
1.47822
1.46913
1.4653
1.46476
1.46603
1.46774
1.46819
1.46562
1.45913
1.44931
1.4381
1.4277
1.41972
1.41528
1.41541
1.4208
1.43093
1.44395
1.45754
1.46997
1.48039
1.48878
1.49589
1.5031
1.5123
1.52513
1.54227
1.56309
1.58599
1.60884
1.62941
1.64554
1.65538
1.65784
1.65297
1.64218
1.62805
1.61378
1.60249
1.59651
1.59663
1.60177
1.60907
1.61459
1.61428
1.605
1.58514
1.55488
1.5163
1.47358
1.43242
1.39873
1.37686
1.36871
1.37389
1.39041
1.41527
1.44478
1.47488
1.50167
1.52215
1.53477
1.53969
1.53848
1.53342
1.52678
1.52011
1.51399
1.50807
1.5015
1.49347
1.4837
1.47273
1.4619
1.45317
1.44839
1.44859
1.45335
1.46096
1.46907
1.47583
1.48049
1.48344
1.48567
1.48809
1.49094
1.49364
1.49525
1.49534
1.49486
1.49608
1.50147
1.51208
1.52668
1.54227
1.55549
1.56375
1.56591
1.5623
1.55464
1.54566
1.53853
1.53603
1.53986
1.55014
1.56537
1.58296
1.59998
1.614
1.62365
1.6288
1.63023
1.62892
1.62544
1.61996
1.61263
1.60409
1.59537
1.58749
1.58074
1.5743
1.5665
1.55609
1.54372
1.53246
1.52627
1.52724
1.53417
1.54374
1.55261
1.55884
1.56172
1.56135
1.55822
1.55306
1.54698
1.54185
1.54021
1.54452
1.55601
1.57376
1.59473
1.61494
1.63083
1.64021
1.64259
1.63902
1.63164
1.62308
1.61559
1.61024
1.60648
1.60248
1.59583
1.58418
1.56598
1.54114
1.51173
1.48184
1.45642
1.43967
1.43343
1.43682
1.44689
1.46001
1.47312
1.48447
1.49366
1.50138
1.50875
1.51666
1.52536
1.53454
1.54388
1.55357
1.56433
1.57681
1.5909
1.60529
1.61755
1.62468
1.62405
1.61463
1.59807
1.57853
1.56067
1.54715
1.53779
1.53101
1.52571
1.52201
1.52101
1.52405
1.53216
1.5457
1.56424
1.5865
1.61034
1.6331
1.65217
1.66559
1.67236
1.67246
1.66668
1.65606
1.64148
1.62341
1.60207
1.57781
1.55142
1.52433
1.49842
1.47554
1.45713
1.44396
1.43615
1.43333
1.43497
1.44069
1.45024
1.46342
1.4797
1.49809
1.51728
1.5361
1.55369
1.56924
1.58169
1.58998
1.59343
1.59213
1.58671
1.57833
1.56841
1.55859
1.55041
1.54495
1.54245
1.54225
1.54316
1.54406
1.5445
1.54482
1.54581
1.54785
1.55064
1.55339
1.55531
1.55602
1.55562
1.55419
1.55155
1.54697
1.5397
1.52989
1.51951
1.51204
1.51089
1.51736
1.52969
1.54418
1.55709
1.56597
1.57002
1.56973
1.5663
1.56153
1.5576
1.55616
1.5574
1.55975
1.56085
1.64713
1.63964
1.62889
1.61698
1.60566
1.59553
1.58576
1.57452
1.56042
1.54415
1.52922
1.52035
1.52046
1.52862
1.54093
1.55318
1.56277
1.56902
1.57253
1.57442
1.57569
1.57698
1.57845
1.57988
1.58091
1.58141
1.58187
1.5835
1.58779
1.59567
1.60658
1.61831
1.6275
1.63062
1.62504
1.60972
1.58553
1.55506
1.52235
1.49249
1.47085
1.46163
1.4663
1.48303
1.50753
1.53477
1.5605
1.58233
1.59994
1.6144
1.62679
1.63703
1.64391
1.64629
1.64416
1.63885
1.63224
1.62591
1.62048
1.61556
1.61002
1.60257
1.59227
1.57914
1.56479
1.55253
1.54618
1.54789
1.55671
1.56909
1.58042
1.58682
1.58641
1.5797
1.56919
1.55858
1.55196
1.55285
1.56316
1.58246
1.60797
1.63547
1.66068
1.68053
1.69373
1.70057
1.70214
1.69945
1.69297
1.68281
1.66954
1.65499
1.64169
1.63128
1.62306
1.61476
1.6048
1.59351
1.58223
1.57205
1.56359
1.55786
1.55658
1.5612
1.57136
1.58414
1.59515
1.60052
1.59817
1.58803
1.57162
1.55126
1.52948
1.50839
1.489
1.47086
1.45242
1.43242
1.41172
1.39415
1.38541
1.39052
1.41118
1.44501
1.48675
1.53042
1.57091
1.60482
1.63053
1.64793
1.65799
1.6621
1.6615
1.65684
1.64799
1.63466
1.61693
1.59563
1.57206
1.54753
1.52317
1.50002
1.47899
1.46059
1.4453
1.4343
1.43003
1.43543
1.45198
1.4781
1.50956
1.54128
1.56894
1.5896
1.60178
1.60537
1.60135
1.59139
1.57718
1.56007
1.54135
1.52311
1.50873
1.50179
1.50409
1.51442
1.5292
1.54406
1.55529
1.56054
1.55899
1.55104
1.53811
1.52231
1.50606
1.49168
1.48084
1.47384
1.46945
1.46535
1.45922
1.44993
1.43833
1.42719
1.42043
1.42158
1.43229
1.4519
1.47807
1.50776
1.53811
1.56673
1.59196
1.61282
1.62906
1.64105
1.64955
1.6554
1.65913
1.66078
1.66006
1.65673
1.65091
1.64326
1.63498
1.62753
1.62223
1.61984
1.62026
1.62271
1.62582
1.6281
1.62824
1.62553
1.62011
1.613
1.60591
1.6005
1.59769
1.59703
1.59714
1.59639
1.59355
1.58799
1.57954
1.5684
1.5554
1.54231
1.53193
1.52742
1.53146
1.54526
1.56808
1.59725
1.62896
1.65922
1.68473
1.70317
1.71323
1.7145
1.70754
1.69389
1.6761
1.65764
1.64249
1.63382
1.63213
1.63452
1.63611
1.63252
1.62138
1.60251
1.57742
1.54855
1.51863
1.49027
1.46583
1.44727
1.43593
1.4323
1.43591
1.44543
1.45889
1.47402
1.48845
1.50007
1.50742
1.50997
1.50812
1.50304
1.49645
1.49014
1.48541
1.48267
1.48184
1.48293
1.48628
1.4921
1.50005
1.50923
1.51867
1.52785
1.5367
1.54556
1.55483
1.56482
1.57558
1.58684
1.59807
1.60848
1.61734
1.62405
1.62833
1.63007
1.62919
1.62555
1.619
1.60957
1.59772
1.58445
1.57097
1.55835
1.54753
1.53961
1.5358
1.53661
1.54097
1.54656
1.55102
1.55293
1.55173
1.54732
1.54001
1.53102
1.52281
1.51813
1.51849
1.52371
1.53277
1.54458
1.55812
1.57223
1.58564
1.59718
1.60599
1.61183
1.6153
1.61786
1.62135
1.62733
1.63621
1.6469
1.65748
1.66635
1.67308
1.67835
1.68311
1.68749
1.69066
1.6916
1.69043
1.6892
1.69076
1.69616
1.70324
1.70791
1.7064
1.69647
1.67752
1.65037
1.61714
1.58113
1.54616
1.51571
1.49212
1.47626
1.46762
1.46473
1.46561
1.46842
1.47207
1.47659
1.48287
1.49171
1.50237
1.51241
1.51922
1.52207
1.52306
1.52603
1.53437
1.54903
1.56788
1.58675
1.60137
1.60901
1.60923
1.60361
1.59501
1.58643
1.57996
1.57639
1.57552
1.57666
1.57897
1.58146
1.58283
1.58162
1.57686
1.56867
1.55846
1.54845
1.54068
1.5363
1.53561
1.53846
1.54441
1.55262
1.56187
1.57104
1.57937
1.58638
1.59146
1.59361
1.59145
1.58363
1.56924
1.54828
1.52165
1.49117
1.45939
1.4293
1.40433
1.38805
1.38313
1.38977
1.40522
1.42569
1.4483
1.47119
1.49247
1.5096
1.51981
1.52093
1.51212
1.49416
1.46946
1.44165
1.41474
1.39223
1.37636
1.36815
1.36773
1.37453
1.38717
1.40341
1.42042
1.4352
1.44528
1.44979
1.45054
1.45236
1.46135
1.4816
1.51273
1.55045
1.58886
1.62269
1.64858
1.66515
1.67252
1.67149
1.6631
1.64847
1.62884
1.60548
1.5797
1.55309
1.52785
1.50689
1.49332
1.48958
1.49663
1.51382
1.53921
1.56998
1.603
1.6352
1.66392
1.68709
1.70331
1.71177
1.71207
1.70408
1.68801
1.66473
1.63651
1.6073
1.58154
1.56196
1.54833
1.539
1.53324
1.53203
1.53669
1.54705
1.56068
1.57392
1.58353
1.58813
1.58855
1.58727
1.58689
1.58877
1.59228
1.59527
1.59524
1.59043
1.58053
1.56678
1.55167
1.53838
1.53017
1.52955
1.53754
1.55305
1.5729
1.59245
1.607
1.6132
1.6101
1.59901
1.58245
1.56294
1.54254
1.52293
1.50556
1.49169
1.48253
1.4793
1.48261
1.49153
1.50325
1.51378
1.51928
1.5173
1.50723
1.49035
1.46943
1.44807
1.42992
1.41758
1.41186
1.41168
1.41494
1.41975
1.42506
1.43042
1.43558
1.44033
1.4446
1.44841
1.45169
1.45431
1.45641
1.45856
1.46149
1.46559
1.47036
1.47446
1.47617
1.47401
1.46718
1.45568
1.4404
1.42305
1.40602
1.39196
1.38307
1.38054
1.38437
1.39394
1.40858
1.42783
1.45096
1.47642
1.50216
1.52666
1.54992
1.57311
1.59743
1.62309
1.64901
1.67351
1.69484
1.71161
1.72272
1.72685
1.72239
1.70768
1.68206
1.64699
1.60687
1.56864
1.53957
1.52442
1.52402
1.5361
1.5573
1.58419
1.61337
1.64121
1.66403
1.67853
1.68253
1.6754
1.65821
1.63345
1.60446
1.57461
1.54688
1.52372
1.50729
1.49961
1.50219
1.51545
1.53796
1.5664
1.59612
1.62239
1.64151
1.65134
1.6514
1.64249
1.62633
1.60529
1.58238
1.56146
1.54681
1.54208
1.54824
1.56224
1.57803
1.58933
1.59186
1.58405
1.56629
1.54027
1.50869
1.47528
1.44453
1.42104
1.40874
1.41012
1.42515
1.45056
1.48031
1.5075
1.52652
1.53468
1.53239
1.52204
1.5067
1.48909
1.47139
1.4557
1.44466
1.44126
1.44745
1.46266
1.48375
1.50648
1.5268
1.5414
1.54829
1.54746
1.54098
1.53207
1.52378
1.51806
1.51554
1.51555
1.51653
1.51683
1.51545
1.5125
1.50899
1.50626
1.50551
1.50719
1.51078
1.51478
1.51739
1.51757
1.51628
1.51698
1.52417
1.54019
1.56319
1.58833
1.61036
1.6252
1.63044
1.62515
1.60974
1.58584
1.55617
1.52442
1.49487
1.47185
1.45883
1.4575
1.4672
1.48499
1.50648
1.52719
1.54376
1.55468
1.56029
1.56217
1.56214
1.56135
1.55986
1.55708
1.55258
1.5468
1.54105
1.53705
1.53666
1.54173
1.55365
1.57239
1.59587
1.6204
1.64173
1.65615
1.66157
1.65863
1.65072
1.64186
1.63453
1.63016
1.6296
1.63198
1.63515
1.63841
1.64356
1.65327
1.66861
1.68811
1.70874
1.72746
1.74214
1.75181
1.75634
1.75603
1.75151
1.74365
1.73354
1.7224
1.71126
1.70059
1.69008
1.67866
1.66495
1.64783
1.62708
1.60378
1.58
1.55776
1.53773
1.51918
1.50115
1.48387
1.46942
1.46122
1.46276
1.47599
1.50023
1.53209
1.56651
1.59846
1.62447
1.6432
1.65501
1.66094
1.66163
1.65676
1.64514
1.62584
1.59978
1.57112
1.54687
1.53433
1.53776
1.55671
1.58694
1.62256
1.65806
1.68917
1.71311
1.72845
1.73484
1.7327
1.72264
1.70492
1.67942
1.64629
1.60692
1.5645
1.52345
1.48792
1.46063
1.44234
1.43196
1.4278
1.42935
1.43787
1.45512
1.48121
1.51375
1.54887
1.58275
1.61236
1.63552
1.65085
1.65802
1.65775
1.65166
1.64171
1.62983
1.61737
1.60475
1.59165
1.57762
1.56263
1.5471
1.53154
1.51606
1.50054
1.48535
1.47197
1.46281
1.46001
1.46432
1.47476
1.48909
1.50435
1.51748
1.52568
1.527
1.52086
1.50844
1.49253
1.47674
1.46422
1.45657
1.45349
1.45355
1.45525
1.45766
1.46038
1.46294
1.46456
1.46439
1.4622
1.45873
1.45563
1.45476
1.45721
1.46269
1.46961
1.47592
1.48001
1.48115
1.47966
1.47656
1.4732
1.47087
1.47027
1.47142
1.47371
1.47633
1.47856
1.47972
1.47913
1.47622
1.47085
1.46359
1.45572
1.44904
1.44526
1.44536
1.44932
1.45614
1.46424
1.47203
1.47836
1.48283
1.48579
1.48806
1.49068
1.49454
1.50008
1.50724
1.5155
1.52426
1.5331
1.54192
1.551
1.56087
1.57203
1.58449
1.59736
1.60891
1.61703
1.61996
1.61696
1.60864
1.59691
1.58441
1.5738
1.56697
1.56464
1.56647
1.57144
1.57805
1.58456
1.58955
1.59248
1.59406
1.59588
1.59943
1.60518
1.61229
1.61907
1.62365
1.62455
1.62107
1.61346
1.60293
1.59141
1.58095
1.57283
1.56704
1.56272
1.55894
1.55537
1.5522
1.54963
1.54752
1.54553
1.54356
1.54189
1.54104
1.5413
1.54266
1.54493
1.54819
1.55287
1.5596
1.56874
1.57999
1.59221
1.60369
1.61254
1.61716
1.61638
1.6095
1.59606
1.57605
1.55053
1.5226
1.49796
1.48334
1.48249
1.49333
1.50958
1.52485
1.53517
1.53942
1.53885
1.53639
1.53577
1.54005
1.55046
1.56582
1.58305
1.5984
1.60874
1.61257
1.61033
1.60401
1.59623
1.58907
1.58353
1.57994
1.57877
1.58071
1.58579
1.59287
1.60035
1.60698
1.61218
1.61566
1.61723
1.61681
1.6148
1.61255
1.61235
1.61622
1.62411
1.63329
1.63977
1.64031
1.6336
1.62016
1.60197
1.58223
1.565
1.55415
1.5518
1.55697
1.56596
1.57436
1.57937
1.58083
1.58085
1.58246
1.58821
1.59933
1.61528
1.63375
1.65115
1.66367
1.66836
1.66388
1.65065
1.63067
1.60719
1.58462
1.5679
1.56138
1.56682
1.58214
1.60221
1.62121
1.63485
1.64121
1.64057
1.63476
1.62626
1.6174
1.61003
1.60553
1.60501
1.60947
1.61956
1.63513
1.65489
1.6765
1.69699
1.71367
1.7248
1.72985
1.72927
1.72398
1.7148
1.70205
1.68568
1.66565
1.6425
1.6177
1.59363
1.57267
1.55594
1.54269
1.53144
1.52186
1.51553
1.51427
1.51815
1.5252
1.53275
1.53892
1.5432
1.54616
1.5487
1.55133
1.55393
1.55586
1.55652
1.55566
1.55351
1.55065
1.54781
1.54574
1.54497
1.54584
1.54848
1.55267
1.5576
1.56176
1.56351
1.56187
1.55748
1.55259
1.54988
1.55048
1.55334
1.55621
1.55746
1.55705
1.55623
1.55651
1.55868
1.56233
1.56624
1.56896
1.5693
1.56651
1.56051
1.55175
1.54091
1.52866
1.51558
1.50212
1.48851
1.47492
1.46185
1.4505
1.44268
1.44031
1.44513
1.45835
1.48002
1.5086
1.54133
1.57501
1.60668
1.63404
1.65558
1.67064
1.6793
1.68188
1.67861
1.66968
1.6557
1.63781
1.6176
1.59676
1.57685
1.55909
1.54445
1.53367
1.52737
1.52606
1.52999
1.53885
1.55166
1.56691
1.58292
1.59845
1.61315
1.62762
1.64299
1.66022
1.6795
1.69992
1.71964
1.73621
1.7469
1.74923
1.74168
1.72474
1.70151
1.67708
1.65634
1.64195
1.63401
1.63117
1.63181
1.63459
1.63869
1.6437
1.64938
1.65521
1.66001
1.66202
1.65943
1.65129
1.63821
1.62239
1.60703
1.59506
1.58791
1.58534
1.58622
1.5896
1.59502
1.60206
1.60989
1.61711
1.62217
1.6239
1.62175
1.61592
1.60698
1.59578
1.58323
1.57024
1.55783
1.54721
1.53972
1.53653
1.53815
1.5441
1.55311
1.56364
1.57452
1.58511
1.59521
1.60475
1.61347
1.62063
1.62483
1.62422
1.61709
1.6023
1.57989
1.55133
1.51948
1.48806
1.46079
1.44036
1.42799
1.42338
1.42531
1.43221
1.44254
1.45502
1.46857
1.48237
1.49584
1.50862
1.52059
1.53196
1.54303
1.55384
1.5635
1.57044
1.57347
1.57295
1.57084
1.5691
1.56777
1.56482
1.55799
1.54675
1.53291
1.51971
1.51035
1.5068
1.50932
1.51676
1.52709
1.53798
1.54728
1.55354
1.55619
1.55557
1.55255
1.54828
1.54371
1.53953
1.53616
1.5339
1.53309
1.53428
1.53822
1.54573
1.55731
1.57262
1.59041
1.60876
1.62547
1.63868
1.64715
1.65036
1.64844
1.64196
1.63188
1.61938
1.60563
1.59152
1.57749
1.56376
1.55061
1.53843
1.52731
1.51683
1.50614
1.49443
1.48167
1.46927
1.46008
1.45737
1.46302
1.47624
1.49394
1.51222
1.52783
1.53871
1.54371
1.54245
1.53553
1.52461
1.51203
1.49988
1.48951
1.48144
1.47577
1.4728
1.47312
1.4773
1.48537
1.49644
1.5088
1.52033
1.52904
1.53347
1.53297
1.52773
1.51878
1.50763
1.496
1.48553
1.47778
1.47408
1.47531
1.48195
1.49425
1.51225
1.5354
1.56184
1.58822
1.61051
1.62545
1.63164
1.62985
1.62266
1.61325
1.60429
1.59715
1.59217
1.58963
1.59033
1.59545
1.60582
1.62109
1.63939
1.65765
1.67247
1.68119
1.68251
1.67654
1.66456
1.64847
1.63036
1.61225
1.59597
1.58298
1.57403
1.56929
1.56864
1.5719
1.57852
1.5873
1.59658
1.60464
1.61021
1.61244
1.61082
1.60507
1.59499
1.58059
1.56215
1.54028
1.51585
1.49008
1.46467
1.44194
1.42461
1.41493
1.41339
1.41806
1.42517
1.43099
1.43387
1.43512
1.43802
1.44546
1.45792
1.47331
1.48828
1.49967
1.50543
1.5051
1.49992
1.49265
1.48696
1.48602
1.4912
1.50183
1.51612
1.53263
1.55084
1.57054
1.59074
1.60906
1.62233
1.62789
1.62446
1.61247
1.59384
1.57121
1.54713
1.52375
1.50343
1.48928
1.48425
1.48879
1.49999
1.51363
1.52695
1.53945
1.55224
1.56715
1.5858
1.60868
1.63451
1.66061
1.6841
1.70298
1.7165
1.7249
1.72881
1.72882
1.72501
1.71679
1.7029
1.68191
1.65326
1.61851
1.58207
1.55014
1.52753
1.51544
1.51215
1.51534
1.52343
1.53555
1.55082
1.56771
1.58407
1.59747
1.60595
1.60886
1.60713
1.60286
1.5982
1.59466
1.59294
1.59301
1.59412
1.59506
1.59473
1.59264
1.58906
1.58473
1.58054
1.5772
1.57522
1.57511
1.57749
1.58312
1.59254
1.60565
1.62135
1.6376
1.65201
1.66252
1.66807
1.6687
1.66529
1.65929
1.65229
1.64562
1.64001
1.63537
1.63091
1.62542
1.61778
1.60751
1.59514
1.58226
1.57085
1.56239
1.55735
1.55545
1.55616
1.55895
1.56325
1.56847
1.57376
1.57808
1.58042
1.58037
1.57884
1.57805
1.58057
1.58764
1.59806
1.6087
1.6157
1.61555
1.60576
1.58571
1.55781
1.5278
1.50245
1.48492
1.47312
1.46341
1.45456
1.44831
1.44727
1.45303
1.46534
1.48239
1.50148
1.52005
1.53634
1.54979
1.56096
1.57109
1.58126
1.59148
1.60052
1.6066
1.60821
1.60468
1.59645
1.58529
1.57418
1.5666
1.56534
1.5711
1.58207
1.59456
1.60442
1.60858
1.60585
1.59697
1.58395
1.56933
1.55552
1.54423
1.53621
1.53153
1.52991
1.53109
1.53497
1.54126
1.54929
1.55814
1.56706
1.57627
1.58696
1.60071
1.61816
1.638
1.65699
1.67127
1.67783
1.67537
1.66458
1.64792
1.62921
1.61277
1.6019
1.59743
1.5977
1.60005
1.60255
1.60477
1.60743
1.61144
1.61701
1.62333
1.62896
1.63248
1.63305
1.63047
1.62507
1.61755
1.60895
1.60057
1.5937
1.58944
1.58854
1.59126
1.59732
1.60579
1.61523
1.62383
1.62988
1.63223
1.6303
1.62399
1.61351
1.59932
1.58225
1.56353
1.54451
1.52624
1.5092
1.49348
1.47918
1.46692
1.45786
1.45307
1.45268
1.45546
1.45951
1.46363
1.46807
1.4741
1.48282
1.49415
1.50645
1.51724
1.5244
1.52712
1.52621
1.52376
1.52218
1.52329
1.52783
1.53559
1.5459
1.55812
1.57156
1.58546
1.59887
1.61074
1.62008
1.62616
1.62861
1.62778
1.6247
1.62076
1.61709
1.61394
1.61056
1.60567
1.59821
1.58783
1.57494
1.56043
1.5452
1.52996
1.51496
1.50027
1.48638
1.47469
1.46755
1.4673
1.47465
1.48798
1.50385
1.5183
1.52819
1.53174
1.52852
1.51967
1.50798
1.49737
1.49079
1.48804
1.48597
1.48109
1.47196
1.45986
1.44838
1.44218
1.44482
1.45694
1.47643
1.50005
1.525
1.54909
1.57019
1.58611
1.59498
1.59578
1.58841
1.57373
1.55351
1.53054
1.5087
1.49271
1.48696
1.49334
1.5095
1.52929
1.54542
1.5527
1.54978
1.53924
1.52621
1.516
1.51199
1.51482
1.52319
1.53542
1.55017
1.56648
1.58364
1.60112
1.61857
1.63562
1.65183
1.66675
1.67997
1.69099
1.69912
1.70349
1.70322
1.69758
1.68616
1.66925
1.64809
1.62512
1.60388
1.58814
1.58035
1.58041
1.58568
1.59255
1.59823
1.60168
1.60337
1.60441
1.60575
1.60778
1.61013
1.61221
1.61362
1.61441
1.61504
1.61586
1.61687
1.61775
1.61809
1.61773
1.61697
1.61696
1.61951
1.62633
1.63845
1.65631
1.6794
1.70488
1.72754
1.74231
1.7469
1.74219
1.73099
1.71654
1.70144
1.687
1.67332
1.65989
1.6463
1.63265
1.61953
1.60781
1.59827
1.59133
1.58677
1.58374
1.58107
1.57772
1.57298
1.56661
1.55892
1.55062
1.54263
1.53569
1.53038
1.52731
1.52729
1.53094
1.53836
1.54898
1.56154
1.57417
1.58453
1.59048
1.59099
1.58657
1.57876
1.56923
1.55923
1.54968
1.54117
1.53373
1.52687
1.52004
1.51345
1.50808
1.505
1.50452
1.50619
1.50951
1.51458
1.52196
1.53205
1.54444
1.55745
1.56853
1.57509
1.57523
1.56838
1.55544
1.53862
1.52097
1.50581
1.49608
1.49394
1.50046
1.51554
1.53814
1.56622
1.59692
1.62695
1.65312
1.67283
1.6844
1.68731
1.68221
1.67084
1.65554
1.63886
1.62315
1.61043
1.60259
1.60147
1.60851
1.62387
1.64563
1.66992
1.69191
1.70732
1.7136
1.71052
1.70015
1.68641
1.67403
1.66685
1.66625
1.67074
1.67714
1.6825
1.68537
1.68574
1.68442
1.68198
1.67816
1.67164
1.66032
1.64241
1.61801
1.59056
1.56647
1.55206
1.54972
1.55717
1.57006
1.58441
1.59736
1.60711
1.61299
1.61572
1.61732
1.62023
1.62593
1.63421
1.64358
1.65216
1.65832
1.66093
1.65953
1.65422
1.6456
1.63469
1.62274
1.61072
1.59906
1.58765
1.57602
1.56355
1.54985
1.53522
1.52127
1.51069
1.50617
1.50883
1.51738
1.52886
1.54005
1.54831
1.55184
1.54984
1.54308
1.53425
1.52748
1.527
1.53544
1.55309
1.57824
1.60822
1.64051
1.67314
1.70424
1.73114
1.75004
1.75688
1.74872
1.7247
1.68621
1.6365
1.58007
1.52173
1.46619
1.4185
1.38442
1.36937
1.37563
1.4005
1.43706
1.47723
1.51436
1.54463
1.56713
1.58331
1.59601
1.60811
1.62124
1.63518
1.64821
1.65822
1.66391
1.66536
1.66369
1.66023
1.65565
1.64948
1.64045
1.62699
1.60796
1.58294
1.55248
1.51799
1.4816
1.44595
1.41404
1.38865
1.37163
1.36333
1.36257
1.36748
1.37631
1.38805
1.40224
1.41843
1.43559
1.45212
1.46672
1.47945
1.49227
1.50825
1.52984
1.55725
1.58761
1.61589
1.63676
1.64655
1.64474
1.63429
1.6207
1.60954
1.60395
1.60354
1.60546
1.60645
1.60458
1.59997
1.59449
1.59074
1.59059
1.59409
1.59935
1.60336
1.60303
1.59621
1.58215
1.56168
1.53679
1.50997
1.48343
1.45859
1.4362
1.41693
1.40219
1.39403
1.39418
1.40263
1.41708
1.43378
1.44899
1.46011
1.46615
1.46755
1.46571
1.46239
1.45899
1.45627
1.45435
1.45308
1.45239
1.45238
1.45317
1.45474
1.45678
1.45876
1.46022
1.46121
1.46241
1.46503
1.47017
1.47792
1.48701
1.49548
1.50177
1.50543
1.50697
1.50731
1.50716
1.50666
1.50518
1.50175
1.4956
1.48677
1.47616
1.46517
1.4549
1.44564
1.43681
1.42762
1.41804
1.40955
1.4048
1.40634
1.41512
1.4298
1.44731
1.46401
1.4768
1.48372
1.484
1.47784
1.46617
1.45058
1.43335
1.41708
1.40405
1.39561
1.39214
1.39357
1.40003
1.41217
1.43076
1.4557
1.48527
1.51625
1.54521
1.56975
1.58911
1.60372
1.61444
1.62198
1.62676
1.62914
1.62979
1.62985
1.63056
1.63272
1.63603
1.63899
1.63951
1.63588
1.62733
1.61404
1.59669
1.57613
1.55355
1.53129
1.51335
1.5048
1.50939
1.52716
1.55409
1.58414
1.61156
1.63219
1.64384
1.64614
1.64012
1.62755
1.61019
1.58971
1.56807
1.54844
1.53523
1.53224
1.53997
1.5552
1.57317
1.59002
1.60347
1.61269
1.61802
1.62115
1.62461
1.63032
1.63805
1.64542
1.64935
1.64772
1.64001
1.6272
1.6111
1.59372
1.57673
1.56145
1.549
1.54027
1.53553
1.53429
1.53592
1.54052
1.54885
1.56117
1.57618
1.59149
1.60543
1.61831
1.63165
1.64637
1.66152
1.67477
1.6839
1.68806
1.68797
1.68557
1.68328
1.68318
1.68615
1.6915
1.6973
1.70132
1.70172
1.69726
1.68724
1.67147
1.65052
1.62587
1.59985
1.57519
1.55419
1.53806
1.52653
1.51822
1.5113
1.50422
1.49635
1.48858
1.48328
1.48358
1.49185
1.5079
1.52875
1.55034
1.56982
1.58658
1.60126
1.61425
1.62484
1.63153
1.63275
1.62752
1.6159
1.59919
1.57971
1.56069
1.54584
1.53868
1.54137
1.5537
1.57293
1.59457
1.61382
1.62695
1.63211
1.62954
1.6213
1.61077
1.60178
1.59734
1.5986
1.60461
1.61305
1.62133
1.62754
1.63094
1.63192
1.63134
1.62961
1.62624
1.62024
1.61081
1.59773
1.58118
1.56165
1.54001
1.51764
1.49646
1.47872
1.46643
1.4609
1.46242
1.47048
1.48419
1.5027
1.52518
1.55029
1.57571
1.59825
1.61449
1.62173
1.61872
1.60596
1.58554
1.56057
1.53472
1.51143
1.49293
1.47946
1.46966
1.46172
1.45463
1.44885
1.44621
1.44905
1.45917
1.47701
1.50138
1.52989
1.55956
1.58784
1.61328
1.63581
1.65606
1.67437
1.69006
1.70158
1.7072
1.7058
1.69726
1.68276
1.66479
1.64682
1.63246
1.62448
1.624
1.63021
1.64077
1.65259
1.66258
1.66828
1.66809
1.66148
1.64892
1.63138
1.60993
1.58539
1.55844
1.53024
1.50297
1.47995
1.46509
1.46169
1.471
1.49137
1.51859
1.54717
1.57217
1.59081
1.60332
1.61238
1.62092
1.62992
1.63816
1.64368
1.64521
1.6427
1.63702
1.62953
1.62186
1.61562
1.61229
1.61297
1.61808
1.62717
1.63906
1.65224
1.6652
1.67659
1.68528
1.69062
1.69281
1.69303
1.69316
1.69496
1.69923
1.70526
1.71102
1.71365
1.71038
1.69933
1.68042
1.65638
1.63278
1.61605
1.60958
1.61164
1.61716
1.62109
1.62027
1.61387
1.60318
1.59128
1.58199
1.57845
1.58162
1.59014
1.60151
1.6137
1.62596
1.63845
1.65101
1.66228
1.66991
1.67178
1.66681
1.65522
1.63841
1.61868
1.59878
1.58138
1.56828
1.55998
1.55598
1.55547
1.55809
1.56393
1.57306
1.58505
1.59869
1.61215
1.62336
1.63043
1.63232
1.62923
1.62272
1.61522
1.60926
1.60681
1.60871
1.61469
1.62363
1.63388
1.64369
1.65173
1.65743
1.66084
1.66225
1.66172
1.65898
1.65378
1.64621
1.63673
1.62597
1.61435
1.60178
1.58797
1.57285
1.5569
1.54117
1.52684
1.5147
1.50491
1.49721
1.4913
1.48723
1.48542
1.48656
1.49136
1.50039
1.51378
1.53103
1.55096
1.57213
1.59323
1.61345
1.63254
1.65053
1.6675
1.68338
1.69791
1.71069
1.72138
1.72976
1.73557
1.73838
1.73745
1.73184
1.72084
1.70449
1.68382
1.66073
1.63731
1.61516
1.59513
1.57799
1.56488
1.55736
1.55679
1.56319
1.57437
1.58607
1.59344
1.59312
1.58465
1.57067
1.55604
1.54648
1.54673
1.55874
1.58078
1.60809
1.63483
1.65587
1.66781
1.66904
1.65986
1.6424
1.62021
1.5973
1.57672
1.55958
1.54534
1.53304
1.52215
1.5125
1.50372
1.49502
1.48546
1.47489
1.46484
1.45906
1.46254
1.47873
1.50705
1.54308
1.58116
1.61652
1.64605
1.66804
1.68199
1.68848
1.68905
1.68587
1.68145
1.67822
1.67797
1.6809
1.68532
1.68846
1.68813
1.68353
1.67474
1.66199
1.64559
1.62657
1.60726
1.59053
1.57813
