1           1.34062           1.34062                 0
2           1.34895           1.34479        0.00294694
3           1.35086           1.34681        0.00256705
4           1.35741           1.34946        0.00299493
5           1.36218             1.352        0.00330398
6           1.37962           1.35661        0.00502389
7           1.36224           1.35741        0.00437027
8           1.37979           1.36021        0.00463351
9           1.36801           1.36107        0.00419896
10           1.37729            1.3627        0.00408016
11           1.36833           1.36321        0.00374119
12            1.3409           1.36135        0.00386388
13           1.38164           1.36291        0.00386916
14           1.36357           1.36296        0.00359307
15           1.36878           1.36334        0.00337441
16           1.36689           1.36357        0.00317078
17           1.36716           1.36378        0.00299131
18           1.34934           1.36298        0.00293064
19           1.35433           1.36252        0.00281147
20           1.36755           1.36277        0.00268211
21           1.35653           1.36248        0.00257083
22           1.36446           1.36257        0.00245555
23           1.35829           1.36238        0.00235582
24           1.35111           1.36191        0.00230398
25           1.36364           1.36198        0.00221286
26           1.35514           1.36172        0.00214331
27           1.36404            1.3618        0.00206566
28           1.35756           1.36165        0.00199744
29           1.34915           1.36122         0.0019745
30            1.3645           1.36133         0.0019117
31           1.37577           1.36179        0.00190597
32           1.36394           1.36186        0.00184759
33            1.3632            1.3619        0.00179205
34            1.3396           1.36125         0.0018555
35            1.3609           1.36124        0.00180251
36           1.37342           1.36157        0.00178391
37           1.33592           1.36088        0.00186563
38           1.34287           1.36041        0.00187579
39           1.36048           1.36041         0.0018277
40           1.37314           1.36073        0.00180951
41           1.32149           1.35977        0.00200253
42           1.34444           1.35941        0.00198782
43           1.35149           1.35922        0.00195011
44           1.38726           1.35986        0.00200724
45           1.33018            1.3592        0.00206816
46           1.35733           1.35916         0.0020236
47           1.36333           1.35925        0.00198249
48           1.35971           1.35926        0.00194121
49           1.36554           1.35938        0.00190583
50           1.35171           1.35923        0.00187388
51           1.36176           1.35928        0.00183779
52           1.36374           1.35937        0.00180445
53           1.35908           1.35936        0.00177041
54            1.3476           1.35914        0.00175097
55           1.37695           1.35947         0.0017488
56           1.34834           1.35927        0.00172883
57           1.36711           1.35941        0.00170396
58           1.35244           1.35929        0.00167881
59           1.35119           1.35915        0.00165595
60           1.36464           1.35924        0.00163088
61           1.34782           1.35905        0.00161486
62           1.36134           1.35909        0.00158924
63           1.34438           1.35886        0.00158107
64           1.36616           1.35897        0.00156048
65           1.36094             1.359        0.00153677
66           1.35898             1.359        0.00151349
67           1.36377           1.35907        0.00149257
68           1.35518           1.35901        0.00147172
69           1.36249           1.35906        0.00145125
70           1.36688           1.35918         0.0014348
71           1.34303           1.35895        0.00143251
72           1.35867           1.35895        0.00141262
73           1.34504           1.35875        0.00140606
74           1.34462           1.35856        0.00139996
75           1.36419           1.35864         0.0013833
76           1.34115           1.35841        0.00138411
77           1.34961           1.35829        0.00137085
78            1.3595           1.35831        0.00135336
79           1.35085           1.35822        0.00133952
80           1.39401           1.35866        0.00139549
81            1.3685           1.35878        0.00138354
82           1.36635           1.35888        0.00136974
83           1.35795           1.35887        0.00135328
84            1.3519           1.35878        0.00133971
85           1.37831           1.35901         0.0013435
86            1.3555           1.35897         0.0013285
87           1.34722           1.35884        0.00132007
88           1.35214           1.35876        0.00130726
89           1.34757           1.35863         0.0012986
90           1.35968           1.35865        0.00128423
91           1.37013           1.35877         0.0012763
92           1.35824           1.35877        0.00126245
93           1.36647           1.35885        0.00125158
94           1.35282           1.35879        0.00123991
95           1.35277           1.35872        0.00122848
96           1.35634            1.3587        0.00121593
97           1.36652           1.35878        0.00120607
98           1.35576           1.35875        0.00119416
99           1.38544           1.35902        0.00121214
100           1.34313           1.35886        0.00121039
