1         -0.461785         -0.461785                 0
2         -0.461847         -0.461816       2.20617e-05
3          -0.46232         -0.461984       0.000137958
4          -0.46219         -0.462036       0.000112706
5         -0.462151         -0.462059       9.25056e-05
6         -0.461722         -0.462003        9.2525e-05
7         -0.462226         -0.462035       8.46478e-05
8         -0.462298         -0.462068       8.02317e-05
9         -0.462096         -0.462071       7.13791e-05
10         -0.462146         -0.462078       6.46324e-05
11         -0.462077         -0.462078       5.87568e-05
12         -0.461835         -0.462058       5.72412e-05
13         -0.462792         -0.462114       7.57338e-05
14         -0.462346         -0.462131       7.21154e-05
15         -0.461641         -0.462098       7.43422e-05
16          -0.46242         -0.462118       7.23646e-05
17         -0.462314          -0.46213       6.90207e-05
18         -0.462206         -0.462134       6.53143e-05
19         -0.461614         -0.462107       6.73771e-05
20         -0.463682         -0.462185       9.99391e-05
21         -0.462551         -0.462203       9.66859e-05
22         -0.462032         -0.462195       9.26025e-05
23         -0.461755         -0.462176       9.05298e-05
24         -0.462606         -0.462194         8.851e-05
25          -0.46238         -0.462201       8.52821e-05
26          -0.46165          -0.46218       8.45934e-05
27         -0.463245          -0.46222       9.01837e-05
28         -0.462051         -0.462214       8.71631e-05
29         -0.461882         -0.462202       8.49021e-05
30         -0.463072         -0.462231       8.68824e-05
31         -0.462197          -0.46223       8.40868e-05
32         -0.461431         -0.462205       8.50839e-05
33         -0.462821         -0.462224       8.45268e-05
34          -0.46193         -0.462215       8.24821e-05
35         -0.462222         -0.462215       8.01257e-05
36         -0.461539         -0.462196       8.00704e-05
37         -0.461874         -0.462188       7.83804e-05
38         -0.461612         -0.462173       7.77683e-05
39         -0.463102         -0.462196       7.93446e-05
40          -0.46105         -0.462168       8.23783e-05
41         -0.462534         -0.462177       8.08509e-05
42         -0.461278         -0.462155       8.17107e-05
43         -0.462788          -0.46217       8.11245e-05
44         -0.461587         -0.462157       8.03548e-05
45         -0.461758         -0.462148       7.90552e-05
46          -0.46335         -0.462174       8.15443e-05
47         -0.462415         -0.462179       7.99706e-05
48         -0.462351         -0.462183       7.83848e-05
49          -0.46286         -0.462197       7.79941e-05
50         -0.462176         -0.462196       7.64353e-05
51         -0.461778         -0.462188       7.53742e-05
52         -0.462109         -0.462186       7.39401e-05
53         -0.462426         -0.462191       7.26826e-05
54         -0.462264         -0.462192       7.13492e-05
55         -0.461913         -0.462187       7.02327e-05
56         -0.462049         -0.462185        6.9022e-05
57         -0.462273         -0.462186       6.78284e-05
58         -0.462075         -0.462184        6.6686e-05
59         -0.462177         -0.462184       6.55558e-05
60         -0.461967         -0.462181        6.4563e-05
61         -0.462545         -0.462187         6.378e-05
62         -0.462455         -0.462191       6.28982e-05
63         -0.462397         -0.462194       6.19846e-05
64         -0.461833         -0.462189       6.12728e-05
65         -0.461901         -0.462184       6.04899e-05
66         -0.461627         -0.462176       6.01591e-05
67         -0.462898         -0.462186       6.02204e-05
68         -0.462131         -0.462186       5.93403e-05
69         -0.461635         -0.462178       5.90142e-05
70         -0.462178         -0.462178       5.81711e-05
71         -0.461603          -0.46217       5.79118e-05
72         -0.462501         -0.462174       5.72899e-05
73         -0.462737         -0.462182       5.70211e-05
74         -0.462461         -0.462186        5.6375e-05
75         -0.461945         -0.462182       5.57147e-05
76         -0.461989          -0.46218       5.50399e-05
77         -0.461546         -0.462172       5.49366e-05
78         -0.461513         -0.462163       5.48779e-05
79          -0.46231         -0.462165       5.42148e-05
80         -0.462756         -0.462173       5.40379e-05
81         -0.462443         -0.462176        5.3474e-05
82          -0.46189         -0.462172       5.29357e-05
83         -0.462786          -0.46218       5.28111e-05
84         -0.462886         -0.462188       5.28467e-05
85         -0.462678         -0.462194       5.25387e-05
86         -0.461285         -0.462183       5.29806e-05
87         -0.461978         -0.462181        5.2424e-05
88         -0.462574         -0.462185       5.20185e-05
89         -0.462079         -0.462184       5.14478e-05
90         -0.461124         -0.462172       5.22075e-05
91           -0.4625         -0.462176       5.17577e-05
92         -0.461555         -0.462169       5.16332e-05
93         -0.462438         -0.462172       5.11585e-05
94         -0.463338         -0.462185       5.20969e-05
95         -0.462667          -0.46219       5.17955e-05
96         -0.462194          -0.46219        5.1256e-05
97         -0.462398         -0.462192       5.07724e-05
98          -0.46249         -0.462195       5.03451e-05
99         -0.462885         -0.462202       5.03165e-05
100         -0.461292         -0.462193       5.06294e-05
