1          0.197249          0.197249                 0
2          0.198465          0.197857       0.000429768
3           0.19591          0.197208       0.000602366
4           0.19772          0.197336       0.000465166
5          0.196578          0.197184       0.000396092
6          0.195775          0.196949       0.000393662
7           0.19504          0.196677       0.000421466
8          0.195733          0.196559       0.000384945
9          0.196859          0.196592       0.000343613
10          0.196382          0.196571       0.000309895
11          0.196661          0.196579       0.000281832
12          0.195055          0.196452       0.000285548
13          0.196993          0.196494       0.000266595
14          0.196405          0.196487       0.000247628
15           0.19603          0.196457        0.00023299
16          0.194778          0.196352       0.000240892
17          0.194706          0.196255       0.000245406
18          0.195895          0.196235       0.000232588
19           0.19748          0.196301       0.000229386
20          0.196886           0.19633       0.000219774
21          0.195917           0.19631       0.000210185
22          0.193993          0.196205       0.000225481
23          0.195767          0.196186        0.00021648
24          0.195135          0.196142       0.000211844
25           0.19646          0.196155       0.000203752
26          0.197313          0.196199       0.000200723
27          0.197201          0.196237       0.000196688
28          0.196827          0.196258       0.000190793
29           0.19598          0.196248       0.000184453
30          0.195874          0.196236       0.000178726
31          0.198268          0.196301       0.000184599
32          0.196079          0.196294       0.000178961
33          0.196231          0.196292       0.000173549
34          0.194731          0.196246       0.000174413
35          0.194097          0.196185       0.000179916
36            0.1987          0.196255       0.000187993
37          0.196202          0.196253       0.000182918
38          0.195794          0.196241       0.000178503
39          0.195552          0.196224       0.000174797
40          0.197508          0.196256        0.00017335
41           0.19635          0.196258       0.000169138
42          0.196471          0.196263       0.000165187
43          0.197234          0.196286       0.000162882
44          0.198597          0.196338       0.000167439
45          0.196509          0.196342       0.000163761
46          0.197354          0.196364       0.000161672
47          0.197824          0.196395        0.00016119
48          0.196246          0.196392       0.000157862
49          0.194624          0.196356       0.000158711
50          0.196338          0.196356       0.000155538
51          0.197026          0.196369       0.000153042
52          0.196052          0.196363        0.00015022
53          0.197189          0.196378       0.000148192
54          0.196119          0.196373       0.000145526
55          0.197165          0.196388        0.00014359
56          0.193993          0.196345       0.000147258
57          0.193701          0.196299       0.000151806
58          0.196811          0.196307       0.000149446
59           0.19773          0.196332       0.000148845
60          0.196502          0.196334       0.000146391
61          0.195868          0.196327       0.000144191
62          0.196797          0.196334       0.000142064
63          0.198184          0.196364       0.000142812
64          0.197476          0.196381       0.000141634
65          0.195969          0.196375       0.000139596
66           0.19703          0.196385       0.000137834
67          0.195413           0.19637       0.000136538
68           0.19747          0.196386       0.000135484
69          0.196047          0.196381        0.00013361
70          0.197556          0.196398       0.000132751
71          0.198696          0.196431       0.000134768
72          0.196958          0.196438       0.000133095
73          0.196857          0.196444       0.000131396
74          0.195211          0.196427       0.000130672
75          0.196524          0.196428       0.000128936
76           0.19554          0.196417       0.000127768
77          0.196187          0.196414       0.000126144
78          0.196744          0.196418       0.000124597
79          0.197234          0.196428       0.000123448
80          0.197078          0.196436       0.000122172
81          0.196709           0.19644        0.00012071
82          0.195033          0.196422       0.000120451
83          0.197507          0.196436       0.000119706
84          0.195427          0.196424       0.000118882
85          0.198411          0.196447       0.000119761
86          0.196774          0.196451       0.000118429
87          0.197635          0.196464       0.000117847
88          0.196078           0.19646       0.000116589
89          0.195683          0.196451       0.000115605
90          0.194953          0.196435       0.000115514
91          0.197129          0.196442       0.000114496
92          0.198039           0.19646       0.000114559
93          0.197122          0.196467       0.000113548
94          0.193234          0.196432       0.000117433
95          0.198305          0.196452       0.000117841
96          0.196936          0.196457       0.000116721
97          0.196202          0.196454       0.000115547
98          0.194299          0.196432       0.000116444
99          0.195774          0.196426       0.000115457
100          0.195761          0.196419       0.000114494
