1         -0.000386         -0.000386                 0
2         0.0018196         0.0007168       0.000779797
3        -0.0010724         0.0001204       0.000712312
4          0.000282         0.0001608       0.000535378
5        -0.0022264       -0.00031664       0.000604816
6        -0.0004552      -0.000339733       0.000504454
7        -0.0026348        -0.0006676       0.000528299
8         -8.52e-05        -0.0005948       0.000467251
9         0.0020788      -0.000297733       0.000500945
10         0.0020232        -6.564e-05       0.000501744
11        -0.0024624      -0.000283527       0.000501213
12        -0.0011692      -0.000357333       0.000464847
13        -0.0005944      -0.000375569       0.000429447
14        -0.0035908      -0.000605229       0.000456065
15           0.00018       -0.00055288       0.000428655
16          0.000812      -0.000467575       0.000410264
17        -0.0054624      -0.000761388       0.000479943
18          0.000558      -0.000688089       0.000458843
19         0.0012104      -0.000588168        0.00044544
20          0.000638       -0.00052686       0.000427366
21         0.0001188      -0.000496114        0.00040812
22        -0.0007684      -0.000508491       0.000389757
23        -0.0005248        -0.0005092       0.000372811
24          0.000718      -0.000458067       0.000360767
25        -0.0008416      -0.000473408       0.000346662
26         0.0002868      -0.000444169        0.00033456
27         0.0024088      -0.000338504       0.000338444
28         0.0025792        -0.0002343       0.000342023
29        -0.0009348      -0.000258455       0.000331081
30         0.0021632      -0.000177733       0.000329738
31        -0.0008188      -0.000198413       0.000319749
32         -0.000946      -0.000221775        0.00031061
33         0.0004608      -0.000201091       0.000301885
34          -0.00071      -0.000216059       0.000293377
35        -0.0017584      -0.000260126       0.000288285
36         0.0001944        -0.0002475       0.000280554
37         0.0004308      -0.000229168       0.000273569
38           0.00308      -0.000142084       0.000279888
39         0.0025584       -7.2841e-05       0.000281146
40           0.00267         -4.27e-06       0.000282356
41           0.00114        2.3639e-05       0.000276845
42        -0.0021408      -2.78952e-05       0.000275008
43         -9.88e-05      -2.95442e-05       0.000268617
44         0.0009108      -8.17273e-06       0.000263361
45         0.0012064       1.88178e-05       0.000258888
46         0.0002496       2.38348e-05       0.000253309
47         0.0039652       0.000107694       0.000261432
48         0.0024964       0.000157458       0.000260679
49         -8.96e-05       0.000152416       0.000255407
50        -0.0005268       0.000138832        0.00025066
51        -0.0009904        0.00011669       0.000246721
52          -0.00224       7.13692e-05       0.000246104
53         -0.000694       5.69283e-05       0.000241884
54         0.0006536       6.79778e-05       0.000237657
55         0.0042836       0.000144625       0.000245385
56         0.0046704       0.000225443       0.000253963
57         0.0012204       0.000242898       0.000250107
58         -0.001104       0.000219676        0.00024687
59         0.0008152       0.000229769       0.000242892
60         0.0028084       0.000272747       0.000242616
61         0.0004016       0.000274859       0.000238648
62        -0.0003504       0.000264774       0.000235012
63        -0.0026272        0.00021887       0.000235722
64         0.0034196       0.000268881       0.000237285
65         -0.002594       0.000224837       0.000237687
66         0.0004444       0.000228164       0.000234109
67        -0.0011272       0.000207934       0.000231487
68         0.0014564       0.000226294        0.00022881
69         0.0011396        0.00023953       0.000225876
70         0.0004516        0.00024256        0.00022267
71         -0.005578        0.00016058       0.000234139
72        -0.0006276       0.000149633       0.000231143
73         0.0011372       0.000163162       0.000228372
74        -0.0004092       0.000155427       0.000225417
75        -0.0020088       0.000126571       0.000224251
76          0.000218       0.000127774       0.000221303
77          0.003324       0.000169283       0.000222288
78        -0.0029396       0.000129426       0.000222983
79         0.0003172       0.000131803       0.000220173
80          0.001326        0.00014673       0.000217926
81        -0.0017468       0.000123353       0.000216486
82        -0.0035208       7.89122e-05        0.00021836
83         0.0001664       7.99663e-05       0.000215731
84        -0.0021924       5.29143e-05       0.000214853
85        -0.0025328       2.24941e-05       0.000214468
86         0.0007772       3.12698e-05       0.000212153
87          0.003396       6.99448e-05       0.000213211
88         -0.003708       2.70136e-05       0.000215067
89         -0.001444       1.04854e-05       0.000213284
90        -0.0029656      -2.25822e-05       0.000213463
91         -0.000994      -3.32571e-05       0.000211384
92        -0.0015652      -4.99087e-05       0.000209741
93        -0.0012588      -6.29075e-05       0.000207888
94        -0.0025004      -8.88383e-05       0.000207287
95        -0.0007448      -9.57432e-05        0.00020522
96         0.0005264      -8.92625e-05       0.000203185
97        -0.0004428      -9.29072e-05       0.000201123
98        -0.0014816      -0.000107078       0.000199569
99        -0.0001164      -0.000107172       0.000197553
100         -0.001666       -0.00012276       0.000196192
