           1     1.30106     1.30106           0
           2     1.31539     1.30823  0.00716211
           3     1.32752     1.31466  0.00764533
           4     1.48883      1.3582   0.0438771
           5     1.35747     1.35805   0.0339874
           6      1.5494     1.38994   0.0422748
           7     1.38056      1.3886   0.0357539
           8     1.28232     1.37532   0.0336938
           9     1.42376      1.3807   0.0301987
          10     1.48759     1.39139   0.0290488
          11     1.29609     1.38273   0.0276671
          12     1.33064     1.37839   0.0256268
          13     1.42942     1.38231   0.0238979
          14     1.26607     1.37401   0.0236319
          15     1.54084     1.38513   0.0246518
          16     1.35361     1.38316   0.0231436
          17     1.43952     1.38648    0.021991
          18     1.19197     1.37567   0.0233804
          19     1.27371      1.3703   0.0227573
          20     1.47937     1.37576   0.0222676
          21     1.23082     1.36886   0.0222768
          22     1.30919     1.36614   0.0214125
          23     1.47261     1.37077   0.0209775
          24     1.36141     1.37038   0.0200882
          25     1.53821      1.3771   0.0204039
          26     1.37538     1.37703   0.0196035
          27     1.49891     1.38154   0.0193961
          28     1.39046     1.38186   0.0186932
          29     1.38582       1.382   0.0180377
          30     1.45763     1.38452   0.0176075
          31     1.40704     1.38525   0.0170455
          32     1.51873     1.38942   0.0170232
          33     1.41751     1.39027   0.0165213
          34     1.46536     1.39248   0.0161794
          35     1.57452     1.39768    0.016549
          36     1.40505     1.39788    0.016084
          37     1.44242     1.39909   0.0156895
          38     1.33535     1.39741   0.0153629
          39     1.57683     1.40201   0.0156551
          40      1.4299     1.40271   0.0152746
          41     1.52209     1.40562   0.0151793
          42     1.45386     1.40677   0.0148579
          43     1.38629     1.40629   0.0145161
          44     1.28332      1.4035   0.0144551
          45     1.09705     1.39669   0.0156856
          46     1.49267     1.39877    0.015482
          47     1.41336     1.39908   0.0151522
          48     1.45295     1.40021   0.0148756
          49     1.51852     1.40262   0.0147676
          50      1.2535     1.39964   0.0147734
          51     1.25809     1.39686   0.0147444
          52     1.59683     1.40071   0.0149607
          53     1.30068     1.39882   0.0147966
          54     1.46332     1.40002   0.0145691
          55     1.15387     1.39554   0.0149856
          56     1.41763     1.39593   0.0147208
          57     1.51746     1.39807   0.0146166
          58     1.34691     1.39718   0.0143894
          59     1.46576     1.39835   0.0141911
          60     1.38579     1.39814   0.0139542
          61     1.20288     1.39494   0.0140919
          62      1.2676     1.39288    0.014014
          63     1.34118     1.39206   0.0138142
          64     1.21478     1.38929   0.0138759
          65     1.23514     1.38692   0.0138651
          66     1.40795     1.38724   0.0136571
          67     1.49973     1.38892   0.0135561
          68      1.3949     1.38901   0.0133556
          69     1.09023     1.38468   0.0138546
          70      1.4328     1.38536   0.0136726
          71     1.45575     1.38636    0.013515
          72     1.51214      1.3881     0.01344
          73     1.44995     1.38895   0.0132817
          74     1.63731     1.39231   0.0135241
          75     1.46308     1.39325   0.0133758
          76     1.59259     1.39587   0.0134568
          77     1.49877     1.39721   0.0133479
          78     1.18217     1.39445    0.013461
          79     1.38313     1.39431   0.0132903
          80     1.29659     1.39309   0.0131798
          81     1.44227     1.39369   0.0130303
          82     1.56013     1.39572   0.0130294
          83     1.43366     1.39618   0.0128796
          84     1.13633     1.39309    0.013096
          85     1.23575     1.39124   0.0130727
          86     1.65157     1.39426   0.0132697
          87     1.44337     1.39483   0.0131284
          88     1.25176      1.3932   0.0130798
          89     1.43412     1.39366   0.0129401
          90     1.34897     1.39317   0.0128052
          91     1.48445     1.39417   0.0127034
          92      1.4333     1.39459   0.0125717
          93      1.3891     1.39453   0.0124359
          94     1.41449     1.39475   0.0123048
          95     1.33468     1.39411    0.012191
          96     1.54788     1.39572   0.0121692
          97     1.39098     1.39567   0.0120432
          98     1.40908      1.3958   0.0119204
          99     1.45459      1.3964   0.0118143
         100     1.52622      1.3977   0.0117674
         101     1.16984     1.39544   0.0118668
         102     1.48706     1.39634   0.0117841
         103     1.40879     1.39646   0.0116698
         104     1.26317     1.39518   0.0116279
         105     1.50776     1.39625   0.0115664
         106     1.30092     1.39535    0.011492
         107     1.37774     1.39519   0.0113853
         108     1.59116       1.397   0.0114244
         109     1.59337      1.3988   0.0114616
         110     1.26951     1.39763   0.0114176
         111     1.33866      1.3971   0.0113267
         112     1.38618       1.397   0.0112255
         113     1.52439     1.39813   0.0111827
         114     1.33815      1.3976   0.0110967
         115     1.37296     1.39739   0.0110018
         116     1.18761     1.39558   0.0110555
         117     1.44853     1.39603   0.0109699
         118     1.18596     1.39425   0.0110213
         119      1.3255     1.39367   0.0109436
         120      1.1329      1.3915   0.0110674
         121     1.44727     1.39196   0.0109852
         122     1.38792     1.39193   0.0108949
         123     1.33358     1.39145   0.0108163
         124     1.42555     1.39173   0.0107323
         125     1.60982     1.39347   0.0107881
         126     1.53025     1.39456   0.0107571
         127     1.47616      1.3952   0.0106913
         128     1.60932     1.39687   0.0107386
         129     1.36617     1.39663   0.0106577
         130     1.19597     1.39509   0.0106874
         131     1.22432     1.39379   0.0106853
         132     1.23682      1.3926   0.0106706
         133     1.38946     1.39257   0.0105901
         134     1.28792     1.39179   0.0105397
         135     1.21609     1.39049    0.010542
         136     1.55692     1.39172   0.0105355
         137     1.66525     1.39371   0.0106472
         138      1.4001     1.39376   0.0105699
         139     1.28991     1.39301   0.0105201
         140     1.51134     1.39386   0.0104788
         141     1.59584     1.39529   0.0105024
         142     1.36244     1.39506   0.0104307
         143     1.36285     1.39483     0.01036
         144     1.42401     1.39504   0.0102898
         145     1.23635     1.39394    0.010277
         146     1.32236     1.39345   0.0102181
         147     1.35187     1.39317   0.0101523
         148      1.4622     1.39363   0.0100943
         149     1.36767     1.39346   0.0100278
         150     1.33352     1.39306  0.00996876
         151     1.54458     1.39406  0.00995324
         152     1.39164     1.39405  0.00988755
         153     1.61361     1.39548  0.00992699
         154     1.43652     1.39575  0.00986592
         155     1.34101      1.3954  0.00980842
         156     1.52747     1.39624  0.00978205
         157     1.25143     1.39532  0.00976321
         158     1.52203     1.39612  0.00973431
         159      1.3043     1.39554  0.00969012
         160     1.54501     1.39648  0.00967457
         161     1.43304     1.39671  0.00961698
         162      1.3687     1.39653  0.00955899
         163     1.33851     1.39618  0.00950683
         164     1.50666     1.39685  0.00947267
         165     1.30364     1.39629  0.00943202
         166     1.42039     1.39643  0.00937615
         167     1.45585     1.39679  0.00932663
         168     1.23985     1.39585  0.00931789
         169     1.53844      1.3967  0.00930094
         170     1.31428     1.39621  0.00925876
         171     1.57804     1.39728  0.00926567
         172     1.45077     1.39759  0.00921689
         173     1.35542     1.39734   0.0091667
         174     1.68966     1.39902  0.00926741
         175     1.39716     1.39901  0.00921431
         176     1.43415     1.39921  0.00916398
         177     1.47513     1.39964  0.00912215
         178     1.46302         1.4  0.00907774
         179     1.43936     1.40022  0.00902956
         180     1.55386     1.40107  0.00901974
         181     1.37757     1.40094  0.00897071
         182     1.39305      1.4009  0.00892139
         183     1.69628     1.40251  0.00901813
         184     1.54695      1.4033  0.00900327
         185     1.50258     1.40383  0.00897055
         186     1.36663     1.40363  0.00892443
         187     1.35872     1.40339  0.00887982
         188     1.48605     1.40383   0.0088434
         189     1.53817     1.40454  0.00882516
         190     1.32687     1.40413   0.0087881
         191     1.66752     1.40551  0.00885006
         192     1.19511     1.40442  0.00887178
         193      1.7524     1.40622  0.00900798
         194     1.45545     1.40647  0.00896502
         195     1.33789     1.40612  0.00892586
         196     1.21084     1.40513  0.00893592
         197     1.32739     1.40473   0.0088992
         198     1.42314     1.40482  0.00885463
         199     1.66261     1.40612  0.00890475
         200     1.70672     1.40762  0.00898669
