           1    -5.47965    -5.47965           0
           2    -5.49324    -5.48644  0.00679423
           3    -5.47953    -5.48414  0.00455021
           4    -5.45455    -5.47674  0.00806629
           5    -5.46823    -5.47504  0.00647565
           6    -5.43705    -5.46871  0.00824937
           7    -5.47442    -5.46952  0.00701959
           8    -5.49394    -5.47258  0.00680221
           9    -5.46389    -5.47161  0.00607616
          10    -5.44856     -5.4693  0.00590341
          11    -5.48299    -5.47055  0.00548282
          12    -5.49453    -5.47255  0.00538942
          13     -5.4518    -5.47095  0.00520807
          14    -5.49785    -5.47287  0.00519045
          15    -5.44087    -5.47074  0.00528209
          16    -5.46413    -5.47033  0.00495818
          17    -5.46011    -5.46973  0.00469601
          18    -5.50419    -5.47164  0.00482373
          19    -5.48853    -5.47253  0.00464854
          20    -5.42692    -5.47025  0.00496479
          21    -5.49955    -5.47164  0.00492432
          22    -5.48755    -5.47237  0.00475052
          23    -5.44516    -5.47118  0.00469084
          24    -5.47451    -5.47132  0.00449328
          25    -5.44791    -5.47039  0.00441034
          26    -5.47285    -5.47048  0.00423838
          27    -5.43814    -5.46928   0.0042506
          28    -5.46478    -5.46912  0.00409913
          29    -5.45403     -5.4686  0.00398933
          30    -5.45368     -5.4681  0.00388602
          31    -5.46814    -5.46811  0.00375857
          32    -5.44997    -5.46754  0.00368309
          33    -5.45186    -5.46706  0.00360122
          34    -5.44557    -5.46643  0.00355043
          35    -5.43485    -5.46553   0.0035636
          36    -5.45883    -5.46534   0.0034682
          37    -5.44378    -5.46476  0.00342313
          38    -5.46899    -5.46487  0.00333369
          39    -5.44213    -5.46429  0.00329902
          40    -5.46035    -5.46419    0.003217
          41    -5.43401    -5.46345  0.00322274
          42    -5.45565    -5.46327  0.00315055
          43    -5.47452    -5.46353  0.00308751
          44     -5.4927    -5.46419  0.00308854
          45      -5.518    -5.46539  0.00324731
          46    -5.44348    -5.46491  0.00321145
          47    -5.46523    -5.46492  0.00314239
          48    -5.44921    -5.46459  0.00309357
          49    -5.44962    -5.46429  0.00304515
          50     -5.4874    -5.46475  0.00301923
          51    -5.48626    -5.46517  0.00298934
          52      -5.423    -5.46436  0.00304138
          53    -5.47732     -5.4646  0.00299346
          54    -5.44989    -5.46433  0.00295011
          55    -5.51336    -5.46522  0.00303005
          56    -5.46548    -5.46523  0.00297545
          57    -5.43533     -5.4647  0.00296949
          58    -5.47478    -5.46488  0.00292301
          59    -5.45713    -5.46475  0.00287604
          60    -5.46846    -5.46481  0.00282838
          61    -5.49195    -5.46525  0.00281699
          62    -5.48682     -5.4656  0.00279293
          63    -5.47265    -5.46571  0.00275052
          64     -5.4937    -5.46615   0.0027423
          65    -5.49286    -5.46656  0.00273087
          66    -5.46597    -5.46655  0.00268919
          67    -5.45627     -5.4664  0.00265319
          68    -5.44857    -5.46614    0.002627
          69    -5.51059    -5.46678  0.00266761
          70    -5.45119    -5.46656  0.00263864
          71     -5.4402    -5.46619  0.00262757
          72    -5.43806     -5.4658  0.00262011
          73    -5.45427    -5.46564  0.00258879
          74    -5.41225    -5.46492   0.0026535
          75    -5.46096    -5.46486  0.00261842
          76    -5.42436    -5.46433  0.00263812
          77    -5.45649    -5.46423  0.00260563
          78    -5.50636    -5.46477  0.00262811
          79    -5.46656    -5.46479  0.00259473
          80    -5.47423    -5.46491   0.0025648
          81    -5.45407    -5.46478  0.00253648
          82    -5.42174    -5.46425  0.00255973
          83     -5.4567    -5.46416  0.00253034
          84      -5.514    -5.46475  0.00256948
          85    -5.49485    -5.46511  0.00256365
          86     -5.4114    -5.46448  0.00260949
          87    -5.45077    -5.46433  0.00258413
          88    -5.48736    -5.46459  0.00256797
          89    -5.44978    -5.46442  0.00254439
          90    -5.46557    -5.46443    0.002516
          91    -5.45134    -5.46429  0.00249235
          92    -5.45698    -5.46421  0.00246639
          93    -5.46747    -5.46425  0.00243998
          94    -5.45998     -5.4642  0.00241431
          95    -5.46953    -5.46426  0.00238942
          96    -5.43802    -5.46398  0.00238015
          97    -5.45226    -5.46386  0.00235858
          98     -5.4695    -5.46392  0.00233509
          99    -5.45224     -5.4638  0.00231439
         100    -5.43936    -5.46356  0.00230413
         101    -5.50455    -5.46396  0.00231703
         102    -5.44326    -5.46376  0.00230316
         103    -5.45694    -5.46369  0.00228165
         104    -5.49572      -5.464  0.00228049
         105    -5.45089    -5.46388  0.00226212
         106    -5.48153    -5.46404  0.00224686
         107     -5.4649    -5.46405  0.00222577
         108    -5.42683    -5.46371  0.00223184
         109    -5.44123     -5.4635  0.00222086
         110     -5.4879    -5.46372  0.00221173
         111    -5.47048    -5.46378  0.00219256
         112    -5.47065    -5.46384  0.00217376
         113     -5.4516    -5.46374  0.00215716
         114    -5.47064     -5.4638  0.00213901
         115    -5.46678    -5.46382  0.00212048
         116    -5.50837    -5.46421  0.00213692
         117    -5.44918    -5.46408  0.00212246
         118    -5.50016    -5.46438  0.00212651
         119    -5.47975    -5.46451  0.00211251
         120    -5.51397    -5.46493  0.00213499
         121    -5.46196     -5.4649  0.00211741
         122    -5.47463    -5.46498   0.0021015
         123    -5.47487    -5.46506  0.00208589
         124    -5.45505    -5.46498  0.00207058
         125    -5.42219    -5.46464  0.00208228
         126    -5.43865    -5.46443  0.00207596
         127    -5.47658    -5.46453  0.00206178
         128    -5.42496    -5.46422  0.00206883
         129    -5.46875    -5.46425  0.00205303
         130    -5.49611     -5.4645  0.00205186
         131     -5.4914     -5.4647  0.00204647
         132    -5.48826    -5.46488  0.00203873
         133    -5.46048    -5.46485  0.00202361
         134    -5.48001    -5.46496  0.00201164
         135    -5.49892    -5.46521  0.00201246
         136    -5.43881    -5.46502  0.00200702
         137    -5.40016    -5.46455  0.00204779
         138    -5.46091    -5.46452  0.00203307
         139    -5.48406    -5.46466  0.00202327
         140    -5.44423    -5.46451  0.00201407
         141     -5.4375    -5.46432  0.00200889
         142    -5.47793    -5.46442  0.00199699
         143    -5.46871    -5.46445   0.0019832
         144    -5.46517    -5.46445  0.00196939
         145    -5.48884    -5.46462  0.00196298
         146    -5.47357    -5.46468  0.00195045
         147    -5.48163     -5.4648  0.00194056
         148    -5.45817    -5.46475  0.00192793
         149    -5.47676    -5.46483  0.00191664
         150    -5.48101    -5.46494  0.00190687
         151    -5.44353     -5.4648   0.0018995
         152    -5.47176    -5.46485  0.00188752
         153    -5.42429    -5.46458  0.00189378
         154    -5.45296    -5.46451  0.00188296
         155    -5.46454    -5.46451  0.00187077
         156    -5.43929    -5.46434  0.00186575
         157    -5.48946     -5.4645  0.00186072
         158    -5.43869    -5.46434  0.00185611
         159    -5.47115    -5.46438   0.0018449
         160    -5.42336    -5.46413  0.00185117
         161    -5.45857    -5.46409  0.00183996
         162    -5.47344    -5.46415  0.00182948
         163    -5.46109    -5.46413  0.00181832
         164    -5.44085    -5.46399  0.00181276
         165    -5.48085    -5.46409  0.00180464
         166     -5.4601    -5.46407  0.00179389
         167    -5.46251    -5.46406  0.00178315
         168    -5.48638    -5.46419  0.00177747
         169    -5.42572    -5.46396  0.00178153
         170    -5.48372    -5.46408  0.00177483
         171    -5.42467    -5.46385  0.00177941
         172    -5.44593    -5.46375   0.0017721
         173    -5.47513    -5.46381  0.00176305
         174    -5.40819    -5.46349   0.0017818
         175    -5.45815    -5.46346  0.00177185
         176    -5.45937    -5.46344  0.00176191
         177    -5.46779    -5.46346   0.0017521
         178    -5.46414    -5.46347  0.00174223
         179    -5.46051    -5.46345  0.00173255
         180    -5.43527    -5.46329     0.00173
         181    -5.46087    -5.46328  0.00172047
         182    -5.48343    -5.46339  0.00171456
         183    -5.41052     -5.4631  0.00172947
         184    -5.43794    -5.46296  0.00172547
         185    -5.44144    -5.46285  0.00172006
         186    -5.47352    -5.46291  0.00171175
         187    -5.46434    -5.46291  0.00170259
         188    -5.43691    -5.46277  0.00169915
         189    -5.42463    -5.46257  0.00170214
         190    -5.47225    -5.46262  0.00169392
         191      -5.416    -5.46238  0.00170262
         192    -5.49825    -5.46257    0.001704
         193    -5.39536    -5.46222  0.00173054
         194    -5.45282    -5.46217  0.00172228
         195    -5.48302    -5.46228  0.00171676
         196    -5.50312    -5.46249  0.00172065
         197    -5.47134    -5.46253  0.00171248
         198     -5.4616    -5.46253  0.00170382
         199    -5.42503    -5.46234  0.00170567
         200    -5.40357    -5.46204  0.00172237
