         200   0.0128248           0           0
         200   0.0384745           0           0
         200   0.0641241           0           0
         200   0.0897737           0           0
         200    0.115423           0           0
         200    0.141073           0           0
         200    0.166723           0           0
         200    0.192372           0           0
         200    0.218022           0           0
         200    0.243672           0           0
         200    0.269321           0           0
         200    0.294971           0           0
         200     0.32062           0           0
         200     0.34627           0           0
         200     0.37192           0           0
         200    0.397569           0           0
         200    0.423219           0           0
         200    0.448869           0           0
         200    0.474518           0           0
         200    0.500168           0           0
         200    0.525818           0           0
         200    0.551467           0           0
         200    0.577117           0           0
         200    0.602767           0           0
         200    0.628416           0           0
         200    0.654066           0           0
         200    0.679715           0           0
         200    0.705365           0           0
         200    0.731015           0           0
         200    0.756664           0           0
         200    0.782314           0           0
         200    0.807964           0           0
         200    0.833613           0           0
         200    0.859263  1.2608e-07 5.34273e-08
         200    0.884913  1.2134e-05 4.99621e-07
         200    0.910562 0.000227276 2.21527e-06
         200    0.936212  0.00153325 7.72223e-06
         200    0.961861   0.0052303 1.53963e-05
         200    0.987511   0.0111525 2.30855e-05
         200     1.01316   0.0172486 2.61138e-05
         200     1.03881   0.0216847 2.36222e-05
         200     1.06446   0.0236856 2.11467e-05
         200     1.09011    0.023601 1.96037e-05
         200     1.11576   0.0222872 1.90046e-05
         200     1.14141   0.0203467 1.79958e-05
         200     1.16706   0.0182522 2.04385e-05
         200     1.19271   0.0162343 1.85653e-05
         200     1.21836    0.014415 1.75594e-05
         200     1.24401   0.0128262 1.67809e-05
         200     1.26966   0.0114987 1.75083e-05
         200     1.29531   0.0103845 1.42311e-05
         200     1.32096  0.00945112 1.32542e-05
         200     1.34661  0.00869221 1.20911e-05
         200     1.37226  0.00807645 1.06152e-05
         200     1.39791  0.00757039    1.08e-05
         200     1.42355  0.00714945 9.77111e-06
         200      1.4492  0.00684051 1.02488e-05
         200     1.47485  0.00659045 9.40925e-06
         200      1.5005  0.00640912  9.3211e-06
         200     1.52615     0.00629 9.70863e-06
         200      1.5518  0.00622735 9.81995e-06
         200     1.57745  0.00621413 9.57513e-06
         200      1.6031  0.00626981  1.0221e-05
         200     1.62875  0.00635663 9.90756e-06
         200      1.6544  0.00651538  1.0523e-05
         200     1.68005  0.00669959  9.6342e-06
         200      1.7057  0.00693987   9.768e-06
         200     1.73135   0.0072364 1.00009e-05
         200       1.757  0.00755786 1.08412e-05
         200     1.78265  0.00790566 9.97298e-06
         200      1.8083  0.00828098 1.05565e-05
         200     1.83395  0.00866729  1.0515e-05
         200      1.8596  0.00904901 9.89723e-06
         200     1.88525  0.00943184  1.0803e-05
         200      1.9109  0.00980071 9.83111e-06
         200     1.93655   0.0101559 9.49522e-06
         200      1.9622   0.0104776 9.69267e-06
         200     1.98785   0.0107485 9.75524e-06
         200      2.0135   0.0109806 9.81711e-06
         200     2.03915   0.0111516 8.50007e-06
         200      2.0648   0.0112434 9.06919e-06
         200     2.09045   0.0112503 9.12958e-06
         200      2.1161   0.0111833 1.02511e-05
         200     2.14174   0.0110532 9.65995e-06
         200     2.16739   0.0108712 9.57435e-06
         200     2.19304   0.0106543 1.04363e-05
         200     2.21869   0.0103918 9.57689e-06
         200     2.24434   0.0101295 9.70264e-06
         200     2.26999  0.00986739 9.28581e-06
         200     2.29564  0.00960229 8.75699e-06
         200     2.32129  0.00937041 8.48859e-06
         200     2.34694  0.00915313 8.35257e-06
         200     2.37259  0.00894392 7.67673e-06
         200     2.39824  0.00876306 7.70652e-06
         200     2.42389  0.00863283 6.92096e-06
         200     2.44954  0.00850932  7.0417e-06
         200     2.47519  0.00841104 7.63558e-06
         200     2.50084  0.00828056 7.60443e-06
         200     2.52649  0.00820768 7.60884e-06
         200     2.55214  0.00820523 8.04389e-06
