1          0.198407          0.198407                 0
2          0.197282          0.197845       0.000397799
3          0.195765          0.197151        0.00062511
4          0.196708          0.197041       0.000478551
5          0.197145          0.197062         0.0003833
6          0.196408          0.196953       0.000334548
7          0.197001          0.196959       0.000286826
8          0.195912          0.196829       0.000279251
9          0.195894          0.196725       0.000266847
10          0.196765          0.196729       0.000240192
11          0.196489          0.196707       0.000219342
12          0.196349          0.196677       0.000203083
13          0.197141          0.196713       0.000190576
14          0.196512          0.196698       0.000177504
15          0.196516          0.196686       0.000166086
16          0.195723          0.196626       0.000166264
17          0.196311          0.196607        0.00015751
18          0.196316          0.196591        0.00014959
19          0.196829          0.196604       0.000142241
20          0.196924           0.19662        0.00013603
21          0.197688          0.196671        0.00013873
22          0.196543          0.196665       0.000132546
23          0.197542          0.196703       0.000132158
24          0.196091          0.196678       0.000129087
25          0.197574          0.196713       0.000128809
26          0.196653          0.196711       0.000123875
27          0.197102          0.196726       0.000120129
28          0.195907          0.196696       0.000119341
29          0.196884          0.196703       0.000115401
30          0.197061          0.196715       0.000112169
31          0.196824          0.196718       0.000108606
32          0.197244          0.196735       0.000106447
33          0.194732          0.196674       0.000119278
34          0.195745          0.196647       0.000118858
35          0.196473          0.196642       0.000115566
36          0.196176          0.196629       0.000113078
37          0.196052          0.196613       0.000111092
38          0.198186          0.196655       0.000115624
39          0.196606          0.196653       0.000112666
40          0.197524          0.196675       0.000111934
41          0.196146          0.196662       0.000109945
42          0.196229          0.196652       0.000107809
43           0.19655          0.196649       0.000105328
44          0.197441          0.196667        0.00010446
45          0.197066          0.196676       0.000102513
46           0.19701          0.196684       0.000100542
47          0.197288          0.196696       9.92229e-05
48          0.197744          0.196718       9.95263e-05
49          0.196998          0.196724       9.76585e-05
50          0.196614          0.196722       9.57302e-05
51          0.195563          0.196699       9.65123e-05
52          0.197395          0.196712       9.55786e-05
53          0.197424          0.196726       9.47143e-05
54          0.196431           0.19672       9.31173e-05
55          0.197951          0.196743       9.40727e-05
56          0.196395          0.196737       9.25976e-05
57          0.195767           0.19672       9.25208e-05
58          0.196124          0.196709        9.1494e-05
59          0.198373          0.196737       9.41871e-05
60          0.195711           0.19672       9.41584e-05
61          0.198577          0.196751       9.74091e-05
62          0.195417          0.196729       9.81836e-05
63           0.19699          0.196733       9.67123e-05
64          0.197941          0.196752       9.70233e-05
65          0.196078          0.196742       9.60837e-05
66          0.196358          0.196736       9.48037e-05
67          0.195728          0.196721       9.45757e-05
68          0.196937          0.196724        9.3238e-05
69          0.197372          0.196734       9.23581e-05
70          0.196276          0.196727       9.12699e-05
71          0.196453          0.196723       9.00662e-05
72          0.199241          0.196758        9.5364e-05
73          0.197918          0.196774       9.53717e-05
74          0.197766          0.196787       9.50202e-05
75          0.196991           0.19679        9.3792e-05
76          0.195243           0.19677       9.47412e-05
77          0.197015          0.196773       9.35644e-05
78          0.197334           0.19678       9.26407e-05
79          0.197497          0.196789       9.19116e-05
80          0.196721          0.196788       9.07667e-05
81          0.196045          0.196779        9.0109e-05
82          0.196217          0.196772       8.92702e-05
83          0.197255          0.196778       8.83836e-05
84          0.196038          0.196769       8.77698e-05
85           0.19643          0.196765       8.68278e-05
86          0.197829          0.196778       8.66947e-05
87          0.196964           0.19678       8.57247e-05
88           0.19575          0.196768       8.55454e-05
89          0.196513          0.196765       8.46321e-05
90          0.197096          0.196769       8.37716e-05
91          0.197149          0.196773       8.29549e-05
92          0.195801          0.196763       8.27229e-05
93          0.197833          0.196774       8.26295e-05
94          0.196147          0.196767       8.20195e-05
95          0.196616          0.196766       8.11716e-05
96          0.196534          0.196763        8.0362e-05
97          0.197497          0.196771       7.98885e-05
98          0.195573          0.196759        8.0003e-05
99          0.196959          0.196761       7.92204e-05
100          0.197295          0.196766       7.86083e-05
