1           1.35481           1.35481                 0
2           1.34762           1.35122        0.00253922
3           1.36943           1.35729        0.00523906
4           1.36622           1.35952        0.00437911
5           1.34929           1.35747        0.00395263
6           1.35475           1.35702        0.00331982
7           1.37156            1.3591        0.00343434
8           1.35754            1.3589        0.00301059
9           1.36463           1.35954        0.00274247
10           1.35681           1.35927        0.00248171
11           1.36621            1.3599        0.00233504
12            1.3392           1.35817         0.0027033
13           1.34325           1.35702        0.00272821
14            1.3511            1.3566        0.00256599
15           1.36685           1.35728        0.00248423
16           1.36529           1.35778        0.00237883
17           1.36299           1.35809        0.00225853
18           1.35957           1.35817        0.00213455
19            1.3563           1.35807        0.00202449
20           1.35972           1.35816        0.00192494
21           1.36348           1.35841        0.00184987
22            1.3505           1.35805        0.00180036
23           1.36372            1.3583        0.00173887
24           1.35711           1.35825        0.00166712
25           1.35382           1.35807        0.00160982
26           1.36703           1.35841        0.00158433
27           1.38105           1.35925         0.0017333
28           1.35859           1.35923        0.00167156
29           1.35998           1.35925        0.00161412
30           1.36317           1.35939        0.00156557
31           1.36117           1.35944        0.00151613
32           1.36185           1.35952        0.00147061
33           1.36162           1.35958        0.00142743
34           1.37299           1.35998        0.00143891
35           1.36426            1.3601          0.001403
36           1.35503           1.35996        0.00137108
37           1.35323           1.35978        0.00134601
38           1.36687           1.35996        0.00132348
39           1.36758           1.36016        0.00130388
40            1.3663           1.36031        0.00128029
41           1.36589           1.36045        0.00125626
42           1.34348           1.36004        0.00128966
43           1.34357           1.35966        0.00131536
44           1.35982           1.35966        0.00128547
45           1.36759           1.35984        0.00126892
46           1.36334           1.35992        0.00124361
47           1.36116           1.35994        0.00121743
48           1.35301            1.3598         0.0012006
49           1.36265           1.35986        0.00117751
50           1.37487           1.36016        0.00119164
51           1.36929           1.36034        0.00118167
52           1.36282           1.36038        0.00115991
53           1.34517            1.3601          0.001173
54           1.34927            1.3599        0.00116828
55           1.36521           1.35999        0.00115102
56           1.33919           1.35962        0.00118891
57           1.35028           1.35946        0.00117929
58           1.33992           1.35912        0.00120612
59            1.3612           1.35916        0.00118619
60           1.35787           1.35913        0.00116661
61           1.35826           1.35912        0.00114757
62           1.37069           1.35931        0.00114412
63            1.3819           1.35967        0.00118082
64           1.37086           1.35984        0.00117525
65           1.34959           1.35968        0.00116769
66            1.3416           1.35941        0.00118171
67             1.348           1.35924        0.00117628
68           1.34866           1.35908        0.00116922
69           1.35571           1.35903         0.0011533
70           1.36674           1.35914        0.00114207
71           1.35409           1.35907         0.0011282
72           1.34987           1.35895        0.00111975
73           1.36235           1.35899        0.00110538
74           1.36617           1.35909         0.0010947
75           1.36476           1.35916        0.00108271
76           1.36081           1.35919        0.00106868
77            1.3758            1.3594        0.00107636
78           1.35369           1.35933        0.00106505
79            1.3665           1.35942        0.00105543
80           1.34811           1.35928        0.00105166
81           1.36541           1.35935         0.0010414
82           1.37251           1.35951        0.00104098
83           1.36006           1.35952        0.00102845
84           1.35849           1.35951        0.00101628
85           1.35618           1.35947        0.00100508
86            1.3659           1.35954       0.000996174
87           1.36866           1.35965       0.000990223
88           1.36847           1.35975       0.000984032
89           1.37283            1.3599       0.000983888
90           1.37012           1.36001       0.000979493
91             1.372           1.36014       0.000977545
92            1.3643           1.36019       0.000967966
93           1.35854           1.36017        0.00095772
94           1.35813           1.36015       0.000947777
95           1.33923           1.35993       0.000963036
96           1.37302           1.36006        0.00096261
97           1.35172           1.35998       0.000956519
98           1.35939           1.35997       0.000946777
99           1.35613           1.35993       0.000938009
100           1.36903           1.36002       0.000933034
