1          6.12e-05          6.12e-05                 0
2         0.0002176         0.0001394       5.52958e-05
3          8.24e-05         0.0001204       3.99951e-05
4        -0.0017484        -0.0003468       0.000405717
5        -0.0024436       -0.00076616       0.000496023
6        -0.0020896      -0.000986733       0.000459787
7        -0.0018452       -0.00110937       0.000410133
8         0.0031272        -0.0005798       0.000611698
9        -0.0001052      -0.000527067          0.000546
10        -0.0010488       -0.00057924       0.000493887
11        -0.0031152      -0.000809782       0.000499908
12          9.44e-05      -0.000734433       0.000463893
13        -0.0030608      -0.000913385       0.000461435
14         0.0007936      -0.000791457       0.000444293
15         0.0029648       -0.00054104       0.000480085
16         0.0003712      -0.000484025       0.000453453
17         0.0015224         -0.000366       0.000441872
18         -0.000502      -0.000373556       0.000417388
19        -0.0004148      -0.000375726       0.000395426
20         0.0015124       -0.00028132        0.00038676
21         0.0005668      -0.000240933       0.000370446
22        -0.0004348      -0.000249745       0.000353712
23          -0.00198      -0.000324974       0.000346241
24          -0.00267      -0.000422683       0.000345326
25        -0.0023272      -0.000498864       0.000339812
26        -0.0006284      -0.000503846       0.000326779
27         -4.48e-05      -0.000486844       0.000315118
28        -0.0001444      -0.000474614       0.000304101
29         -0.002514      -0.000544938       0.000301636
30         0.0020476       -0.00045852       0.000303709
31         0.0007872      -0.000418335       0.000296558
32        -0.0006768      -0.000426412       0.000287401
33         0.0007828       -0.00038977       0.000281018
34        -0.0047868      -0.000519094       0.000301043
35        -0.0022076      -0.000567337       0.000296282
36         -0.003274      -0.000642522       0.000297439
37         -0.002446      -0.000691265       0.000293366
38        -0.0010504      -0.000700716       0.000285798
39         0.0006032      -0.000667282       0.000280419
40        -0.0019024       -0.00069816       0.000275103
41        -0.0001004       -0.00068358        0.00026878
42         0.0006536      -0.000651743       0.000264259
43         0.0006232      -0.000622093       0.000259771
44         0.0020564      -0.000561218       0.000260903
45        -0.0005256      -0.000560427       0.000255106
46         0.0017672      -0.000509826       0.000254529
47        -0.0008704      -0.000517498       0.000249229
48         0.0006212      -0.000493775       0.000245163
49         0.0017288      -0.000448416        0.00024432
50         0.0003572      -0.000432304       0.000239964
51        -0.0007812      -0.000439145       0.000235357
52        -0.0017432      -0.000464223       0.000232163
53        -0.0018156      -0.000489721       0.000229178
54        -0.0013932      -0.000506452       0.000225544
55        -0.0012704      -0.000520342       0.000221871
56         0.0001344       -0.00050865       0.000218216
57          0.000424      -0.000492288       0.000215001
58         0.0003084      -0.000478483       0.000211737
59        -0.0015132       -0.00049602       0.000208873
60        -0.0014704       -0.00051226       0.000206022
61         0.0015228      -0.000478898       0.000205328
62         0.0042268         -0.000403       0.000215588
63         0.0034812      -0.000341346       0.000220806
64          0.001116      -0.000318575       0.000218527
65         0.0017796      -0.000286295       0.000217536
66        -0.0031604      -0.000329842       0.000218555
67         0.0003724      -0.000319361       0.000215544
68        -0.0001876      -0.000317424       0.000212383
69        -0.0017692      -0.000338464       0.000210345
70         0.0007392      -0.000323069       0.000207903
71         -9.24e-05       -0.00031982          0.000205
72        -0.0034812      -0.000363728       0.000206801
73        -0.0022664      -0.000389792       0.000205604
74         0.0005384      -0.000377249       0.000203208
75        -0.0014956       -0.00039216       0.000201045
76        -0.0020688      -0.000414221       0.000199606
77           0.00053      -0.000401958        0.00019739
78        -0.0020944      -0.000423656       0.000196049
79        -0.0014592      -0.000436765       0.000194005
80        -0.0035484       -0.00047566        0.00019544
81        -0.0001712      -0.000471901       0.000193063
82          0.002752      -0.000432585       0.000194671
83        -0.0020984      -0.000452655       0.000193357
84        -0.0003784      -0.000451771       0.000191057
85        -0.0009108      -0.000457172       0.000188886
86        -0.0017016      -0.000471642       0.000187243
87          0.000562      -0.000459761       0.000185467
88           0.00078      -0.000445673       0.000183894
89        -0.0005264       -0.00044658        0.00018183
90        -0.0012908       -0.00045596       0.000180052
91         0.0025556      -0.000422866       0.000181089
92        -0.0021764      -0.000441926       0.000180121
93        -0.0005032      -0.000442585       0.000178185
94        -0.0005896      -0.000444149       0.000176296
95          0.000974      -0.000429221       0.000175072
96          0.002022      -0.000403688         0.0001751
97         0.0031456      -0.000367097       0.000177077
98         0.0011056      -0.000352069       0.000175906
99        -0.0014972      -0.000363636       0.000174509
100         0.0003404      -0.000356596       0.000172906
