1         -0.461893         -0.461893                 0
2         -0.462591         -0.462242       0.000246922
3          -0.46244         -0.462308       0.000173211
4         -0.462614         -0.462385       0.000145866
5         -0.462075         -0.462323       0.000129153
6          -0.46145         -0.462177       0.000170874
7         -0.462387         -0.462207       0.000149071
8         -0.462216         -0.462208       0.000130441
9         -0.462511         -0.462242       0.000120208
10         -0.461683         -0.462186       0.000120479
11         -0.462837         -0.462245       0.000123193
12          -0.46129         -0.462166        0.00013626
13         -0.461311           -0.4621       0.000140742
14         -0.462659          -0.46214        0.00013624
15         -0.462297          -0.46215       0.000127558
16         -0.462983         -0.462202       0.000129773
17         -0.462377         -0.462213       0.000122544
18         -0.462081         -0.462205       0.000115955
19         -0.462329         -0.462212       0.000110034
20         -0.461714         -0.462187       0.000107306
21         -0.462399         -0.462197       0.000102671
22         -0.462415         -0.462207       9.84819e-05
23         -0.461126          -0.46216       0.000104824
24         -0.462715         -0.462183       0.000102978
25         -0.462498         -0.462196       9.96241e-05
26         -0.461345         -0.462163       0.000101025
27          -0.46302         -0.462195       0.000102148
28          -0.46143         -0.462167       0.000102082
29         -0.462588         -0.462182        9.9587e-05
30         -0.461572         -0.462162       9.83206e-05
31         -0.462077         -0.462159        9.5187e-05
32         -0.461127         -0.462127       9.75192e-05
33         -0.461528         -0.462108       9.62363e-05
34         -0.462232         -0.462112       9.34744e-05
35         -0.462235         -0.462116       9.08698e-05
36         -0.461119         -0.462088       9.24649e-05
37         -0.463174         -0.462117       9.45134e-05
38         -0.462246         -0.462121       9.20865e-05
39         -0.462082          -0.46212       8.97308e-05
40         -0.461512         -0.462104       8.87642e-05
41         -0.462285         -0.462109       8.67081e-05
42          -0.46221         -0.462111       8.46768e-05
43         -0.462229         -0.462114       8.27517e-05
44         -0.462414         -0.462121       8.11506e-05
45         -0.461535         -0.462108       8.03839e-05
46         -0.461567         -0.462096       7.94909e-05
47         -0.461442         -0.462082       7.90098e-05
48         -0.461423         -0.462068       7.85473e-05
49         -0.462442         -0.462076       7.73142e-05
50         -0.461964         -0.462074       7.58004e-05
51         -0.462965         -0.462091       7.63009e-05
52         -0.462552           -0.4621       7.53463e-05
53         -0.462474         -0.462107       7.42535e-05
54         -0.462398         -0.462113        7.3074e-05
55         -0.462306         -0.462116       7.18303e-05
56         -0.461334         -0.462102       7.18938e-05
57         -0.461623         -0.462094       7.11218e-05
58         -0.462456           -0.4621       7.01693e-05
59         -0.461817         -0.462095        6.9144e-05
60         -0.462769         -0.462106        6.8897e-05
61         -0.461918         -0.462103       6.78371e-05
62         -0.463585         -0.462127       7.08265e-05
63         -0.462345         -0.462131       6.97864e-05
64         -0.462454         -0.462136       6.88791e-05
65         -0.462132         -0.462136       6.78195e-05
66         -0.461634         -0.462128       6.72158e-05
67          -0.46182         -0.462123       6.63696e-05
68         -0.461226          -0.46211       6.66918e-05
69         -0.462387         -0.462114       6.58459e-05
70         -0.461978         -0.462112       6.49342e-05
71         -0.462638          -0.46212       6.44397e-05
72         -0.462107          -0.46212       6.35449e-05
73         -0.461886         -0.462116       6.27547e-05
74         -0.462146         -0.462117       6.19079e-05
75         -0.462314         -0.462119       6.11386e-05
76         -0.461317         -0.462109       6.12394e-05
77         -0.462124         -0.462109       6.04444e-05
78         -0.462178          -0.46211        5.9676e-05
79         -0.461558         -0.462103       5.93287e-05
80         -0.462189         -0.462104       5.85968e-05
81         -0.462546         -0.462109       5.81274e-05
82         -0.462958          -0.46212       5.83315e-05
83         -0.461913         -0.462117        5.7682e-05
84         -0.462785         -0.462125         5.754e-05
85          -0.46292         -0.462135       5.76177e-05
86         -0.461835         -0.462131       5.70528e-05
87         -0.461592         -0.462125       5.67326e-05
88         -0.461757         -0.462121       5.62419e-05
89         -0.461986         -0.462119       5.56303e-05
90         -0.462794         -0.462127       5.55157e-05
91         -0.462487         -0.462131       5.50467e-05
92         -0.462767         -0.462138       5.48814e-05
93         -0.462632         -0.462143       5.45482e-05
94         -0.463383         -0.462156       5.55407e-05
95         -0.461793         -0.462152       5.50876e-05
96         -0.463615         -0.462168       5.65822e-05
97         -0.461505         -0.462161       5.64099e-05
98         -0.462148         -0.462161       5.58344e-05
99         -0.462544         -0.462164       5.54046e-05
100         -0.461812         -0.462161       5.49625e-05
