         200   0.0323165           0           0
         200   0.0969496           0           0
         200    0.161583           0           0
         200    0.226216           0           0
         200    0.290849           0           0
         200    0.355482           0           0
         200    0.420115           0           0
         200    0.484748           0           0
         200    0.549381           0           0
         200    0.614014           0           0
         200    0.678647           0           0
         200     0.74328           0           0
         200    0.807913           0           0
         200    0.872546 9.97804e-06 3.70216e-06
         200    0.937179  0.00140991 7.14875e-05
         200     1.00181   0.0101152 0.000228011
         200     1.06645   0.0189404 0.000317536
         200     1.13108   0.0206712  0.00033749
         200     1.19571   0.0187268 0.000262111
         200     1.26034   0.0165642 0.000235102
         200     1.32498   0.0145647 0.000228816
         200     1.38961   0.0133009 0.000211813
         200     1.45424   0.0121231 0.000185861
         200     1.51888   0.0115193 0.000193235
         200     1.58351   0.0108101 0.000159617
         200     1.64814   0.0104259 0.000164243
         200     1.71278   0.0100847 0.000143126
         200     1.77741   0.0101184 0.000141897
         200     1.84204  0.00991225 0.000135464
         200     1.90667  0.00981644 0.000134525
         200     1.97131  0.00983053 0.000136961
         200     2.03594  0.00989794 0.000134796
         200     2.10057  0.00988872 0.000119219
         200     2.16521  0.00995804 0.000118427
         200     2.22984  0.00992972 0.000113624
         200     2.29447  0.00985314 0.000113183
         200     2.35911  0.00964741 0.000100776
         200     2.42374  0.00975527 0.000111078
         200     2.48837  0.00973773 0.000100666
         200     2.55301   0.0096595 9.75065e-05
         200     2.61764  0.00953943 8.91874e-05
         200     2.68227  0.00938549 8.72839e-05
         200      2.7469   0.0095641 9.96709e-05
         200     2.81154  0.00946252 9.20463e-05
         200     2.87617  0.00944284 8.23879e-05
         200      2.9408  0.00945914 7.88401e-05
         200     3.00544  0.00927497 8.10799e-05
         200     3.07007   0.0094185 8.95927e-05
         200      3.1347  0.00952985 8.66375e-05
         200     3.19934  0.00941831 7.68512e-05
         200     3.26397  0.00931359 6.90735e-05
         200      3.3286  0.00928635 7.36326e-05
         200     3.39323  0.00933133 8.03055e-05
         200     3.45787  0.00943073  6.9612e-05
         200      3.5225  0.00934107  6.4999e-05
         200     3.58713  0.00936263 6.89344e-05
         200     3.65177  0.00915069 7.11366e-05
         200      3.7164  0.00918035 6.40499e-05
         200     3.78103  0.00919012 6.23814e-05
         200     3.84567  0.00923414 6.23705e-05
         200      3.9103  0.00925012 6.83206e-05
         200     3.97493  0.00913069 6.88739e-05
         200     4.03957  0.00909468 6.40327e-05
         200      4.1042  0.00913991 5.99224e-05
         200     4.16883  0.00913141 6.11956e-05
         200     4.23346  0.00914537 6.40561e-05
         200      4.2981   0.0092083   6.231e-05
         200     4.36273  0.00917648 6.24782e-05
         200     4.42736  0.00912403 6.06857e-05
         200       4.492  0.00911345 5.83722e-05
         200     4.55663  0.00913341  5.5548e-05
         200     4.62126  0.00909222 4.89288e-05
         200      4.6859  0.00913436 5.64385e-05
         200     4.75053  0.00923122 5.65321e-05
         200     4.81516  0.00926597 5.17205e-05
         200     4.87979  0.00920655 4.78029e-05
         200     4.94443  0.00915918 5.04467e-05
         200     5.00906  0.00912149 5.07467e-05
         200     5.07369  0.00904769 4.54719e-05
         200     5.13833  0.00913618 4.59319e-05
         200     5.20296  0.00909301 4.64313e-05
         200     5.26759  0.00910629 4.38922e-05
         200     5.33223  0.00923836 4.24917e-05
         200     5.39686  0.00911845 4.30044e-05
         200     5.46149   0.0091529 4.86637e-05
         200     5.52612  0.00919953 4.27067e-05
         200     5.59076  0.00920049 4.08438e-05
         200     5.65539  0.00916871 4.01729e-05
         200     5.72002  0.00917285 3.81339e-05
         200     5.78466  0.00916742 4.20353e-05
         200     5.84929  0.00916002 4.62546e-05
         200     5.91392  0.00920368 4.18105e-05
         200     5.97856  0.00916748 4.25788e-05
         200     6.04319  0.00913497 3.99734e-05
         200     6.10782  0.00915311  4.2136e-05
         200     6.17246  0.00921376  4.2752e-05
         200     6.23709  0.00921814 3.86562e-05
         200     6.30172  0.00919844 3.83086e-05
         200     6.36635  0.00918132 4.01633e-05
         200     6.43099  0.00913376 3.98383e-05
