         200   0.0115332           0           0
         200   0.0345996           0           0
         200   0.0576661           0           0
         200   0.0807325           0           0
         200    0.103799           0           0
         200    0.126865           0           0
         200    0.149932           0           0
         200    0.172998           0           0
         200    0.196065           0           0
         200    0.219131           0           0
         200    0.242198           0           0
         200    0.265264           0           0
         200     0.28833           0           0
         200    0.311397           0           0
         200    0.334463           0           0
         200     0.35753           0           0
         200    0.380596           0           0
         200    0.403663           0           0
         200    0.426729           0           0
         200    0.449795           0           0
         200    0.472862           0           0
         200    0.495928           0           0
         200    0.518995           0           0
         200    0.542061           0           0
         200    0.565128           0           0
         200    0.588194           0           0
         200     0.61126           0           0
         200    0.634327           0           0
         200    0.657393           0           0
         200     0.68046           0           0
         200    0.703526           0           0
         200    0.726593           0           0
         200    0.749659           0           0
         200    0.772725           0           0
         200    0.795792           0           0
         200    0.818858           0           0
         200    0.841925           0           0
         200    0.864991           0           0
         200    0.888058           0           0
         200    0.911124 1.94331e-06 5.64265e-07
         200     0.93419  9.5939e-05 4.50463e-06
         200    0.957257   0.0010971 1.37914e-05
         200    0.980323   0.0057484 2.83302e-05
         200     1.00339   0.0166966 5.63596e-05
         200     1.02646   0.0322922 7.54006e-05
         200     1.04952   0.0459349 9.73721e-05
         200     1.07259   0.0510696 9.65528e-05
         200     1.09566   0.0468879 0.000101904
         200     1.11872   0.0369564 9.11659e-05
         200     1.14179   0.0256941 7.42585e-05
         200     1.16485   0.0158762 5.04867e-05
         200     1.18792  0.00877635 4.16185e-05
         200     1.21099  0.00442742 3.31733e-05
         200     1.23405  0.00204211  2.0393e-05
         200     1.25712 0.000844774 1.45593e-05
         200     1.28019 0.000319726 9.08451e-06
         200     1.30325 0.000138772 5.63627e-06
         200     1.32632 0.000125611 5.61154e-06
         200     1.34939  0.00023048 7.53608e-06
         200     1.37245 0.000542379 1.13933e-05
         200     1.39552  0.00115056 1.60617e-05
         200     1.41859   0.0021846 2.19622e-05
         200     1.44165  0.00379049 2.48234e-05
         200     1.46472  0.00575382 2.38531e-05
         200     1.48778  0.00791282 3.11669e-05
         200     1.51085  0.00959232 3.63617e-05
         200     1.53392   0.0102466 3.97417e-05
         200     1.55698  0.00971931 3.53191e-05
         200     1.58005  0.00824798 3.09698e-05
         200     1.60312  0.00604612 2.39857e-05
         200     1.62618   0.0039203 2.03757e-05
         200     1.64925  0.00233283 1.74225e-05
         200     1.67232  0.00128517 1.46605e-05
         200     1.69538 0.000879318 1.35919e-05
         200     1.71845  0.00118905 1.60833e-05
         200     1.74152  0.00248159 2.13005e-05
         200     1.76458  0.00528248 2.87098e-05
         200     1.78765    0.009687 3.50629e-05
         200     1.81071   0.0155569 3.75481e-05
         200     1.83378   0.0218501 4.02143e-05
         200     1.85685   0.0267872 5.87182e-05
         200     1.87991   0.0285399 6.46641e-05
         200     1.90298   0.0266135  5.5002e-05
         200     1.92605   0.0218647 4.15309e-05
         200     1.94911   0.0158347 3.13381e-05
         200     1.97218   0.0101742 3.05932e-05
         200     1.99525  0.00587706 2.77325e-05
         200     2.01831  0.00333329 2.32585e-05
         200     2.04138  0.00243821 2.08776e-05
         200     2.06445  0.00302897 2.07927e-05
         200     2.08751  0.00468328 2.04044e-05
         200     2.11058  0.00696544 1.98258e-05
         200     2.13364  0.00911542 2.07449e-05
         200     2.15671    0.010467 2.91692e-05
         200     2.17978   0.0105271 2.96839e-05
         200     2.20284  0.00933034 2.48411e-05
         200     2.22591  0.00744125 2.08701e-05
         200     2.24898  0.00552998 1.95426e-05
         200     2.27204  0.00415193 2.23625e-05
         200     2.29511  0.00388964 2.65633e-05
