0.392589   -0.485898   0.219495
-0.31605   -0.363321   -0.11336
0.422178   0.300287   -0.262374
-0.434538   -0.498141   -0.0762203
0.357211   -0.28976   -0.160832
-0.436555   -0.124798   0.13943
0.246446   -0.220984   0.0208269
0.424478   -0.105901   -0.342672
0.173774   -0.181995   -0.314879
-0.296306   -0.15726   -0.0712996
-0.308517   -0.019133   -0.447762
-0.0820161   0.351   0.40872
-0.192435   -0.470284   -0.39427
-0.205425   0.472597   0.156935
0.444565   0.247165   -0.368014
0.179017   -0.338845   -0.462596
-0.37099   0.303649   -0.402223
-0.0327619   -0.335935   -0.162841
-0.298131   -0.417572   -0.0332303
-0.308494   -0.19819   -0.445772
0.248022   0.152935   0.329628
0.259783   0.243339   -0.386326
-0.144739   0.205821   0.400073
0.18138   -0.175774   0.0434273
0.473301   -0.0398351   -0.166244
0.126781   -0.273247   0.407504
0.356278   0.41167   -0.399572
-0.202224   -0.227545   0.341525
0.043953   -0.352345   0.404282
-0.490965   0.132695   0.39732
0.165989   -0.158195   -0.491778
-0.100872   -0.291082   0.115101
-0.0297229   -0.336334   -0.464596
-0.0923089   -0.0752008   -0.442238
-0.31468   -0.208642   -0.172656
-0.328839   -0.410079   0.247633
-0.498582   -0.262901   0.125905
0.106805   0.217428   0.392513
-0.0663929   0.0565252   0.161418
0.12994   0.398427   -0.482367
-0.0393067   0.231685   0.110499
0.0863465   -0.106588   0.101996
-0.222898   -0.282369   0.235199
0.307963   -0.447986   0.110058
-0.198159   -0.451236   0.233948
0.171725   0.329179   0.432493
0.0766058   -0.176913   0.307612
-0.116298   0.0555966   0.499406
0.458037   -0.207275   -0.344144
-0.458147   -0.435227   -0.164007
0.199669   -0.397648   -0.00718459
0.433172   0.194547   0.175942
-0.19372   -0.186312   0.183398
0.122964   0.0125801   0.188423
0.262235   -0.0897642   -0.169083
0.330083   -0.0369241   -0.391433
0.440334   0.321467   -0.182345
0.0484667   -0.00703665   0.0934093
-0.181063   -0.347493   0.291969
-0.0864855   -0.0100731   0.394073
-0.313448   -0.335806   -0.301112
-0.107323   -0.0163519   -0.380918
0.433409   -0.184527   -0.186846
0.0696508   -0.0466616   0.348318
0.00570186   -0.0402029   0.415725
0.439771   -0.428198   -0.404139
-0.139591   -0.334481   -0.434069
-0.330802   0.0948075   0.312471
-0.142096   0.488585   0.209277
0.367384   0.234684   -0.45034
-0.0557909   0.0944251   0.0476576
-0.202407   -0.0693193   -0.465048
0.382507   0.292546   0.489627
-0.367928   0.480573   0.0575881
-0.0882424   0.218109   -0.474819
-0.353035   -0.489138   -0.0724029
-0.359386   -0.075567   0.147735
0.407689   0.153784   0.000138337
0.160344   -0.0997453   -0.0132683
0.491371   0.171508   -0.498343
-0.128666   -0.266694   -0.106469
-0.104153   -0.283942   0.326266
-0.259744   -0.458592   0.11846
0.250518   -0.0490755   -0.306932
0.47492   0.00137415   0.452503
0.41357   -0.440204   0.0119113
0.327614   0.486307   0.0451824
0.0628119   -0.143791   -0.308727
-0.0548125   -0.22687   -0.0491717
0.00562982   -0.234305   0.484648
0.155688   0.0907714   0.037791
0.480577   0.296494   0.371566
-0.295987   0.214454   0.0388561
-0.303156   0.0446533   -0.0517448
-0.359737   -0.144765   0.46189
-0.330738   0.0544153   0.0302559
-0.143308   -0.0392783   0.48988
-0.319722   0.38115   0.0505693
-0.269424   -0.355074   -0.4763
-0.116059   -0.0570099   -0.0894374
0.185289   -0.0555184   0.21004
0.212291   0.248308   -0.459563
0.243111   0.252079   0.400644
0.121336   0.273594   0.306481
0.0610407   -0.426078   -0.423762
0.435771   -0.031695   -0.314197
0.08243   0.332699   -0.46412
0.252661   -0.00897407   -0.481592
