0.392648   -0.485897   0.219432
-0.316068   -0.363293   -0.113298
0.422193   0.300327   -0.262344
-0.434618   -0.498077   -0.0762268
0.357219   -0.289729   -0.160805
-0.436565   -0.124903   0.13937
0.246339   -0.221006   0.0208474
0.424497   -0.105888   -0.342684
0.173723   -0.182036   -0.314847
-0.296276   -0.15726   -0.0712967
-0.308553   -0.0191455   -0.44774
-0.0820438   0.351075   0.408719
-0.192385   -0.470307   -0.394287
-0.205391   0.47249   0.156932
0.444564   0.247075   -0.36806
0.179034   -0.338827   -0.462595
-0.371008   0.303677   -0.402263
-0.0327995   -0.336005   -0.162783
-0.298126   -0.417515   -0.0331827
-0.308503   -0.198101   -0.445838
0.24808   0.152922   0.32967
0.259761   0.243315   -0.386311
-0.144723   0.205854   0.400035
0.181364   -0.175835   0.0434358
0.47337   -0.0398499   -0.166251
0.126795   -0.27324   0.40756
0.356347   0.411715   -0.39954
-0.202169   -0.227514   0.341476
0.0439331   -0.352333   0.404296
-0.490935   0.132602   0.397348
0.165985   -0.158202   -0.491707
-0.100932   -0.291083   0.115104
-0.0296743   -0.336299   -0.464678
-0.0923008   -0.0751726   -0.442171
-0.3147   -0.20861   -0.17261
-0.328889   -0.410087   0.247616
-0.498569   -0.262916   0.125853
0.106862   0.21743   0.392474
-0.066313   0.05661   0.161389
0.12996   0.39837   -0.482316
-0.0393397   0.231615   0.11043
0.0863922   -0.106591   0.102015
-0.222958   -0.282443   0.235178
0.307999   -0.447948   0.11015
-0.198225   -0.451252   0.233914
0.171847   0.329085   0.432467
0.0765742   -0.176961   0.307564
-0.1163   0.055558   0.499404
0.458067   -0.207224   -0.344117
-0.45812   -0.435229   -0.163957
0.199612   -0.39768   -0.00724205
0.433137   0.194585   0.17593
-0.193633   -0.18627   0.183476
0.123006   0.0126423   0.188456
0.262193   -0.0897639   -0.169054
0.330064   -0.0369388   -0.39151
0.440339   0.321516   -0.182354
0.0485423   -0.00713689   0.0933651
-0.180999   -0.347496   0.291951
-0.0864733   -0.0101089   0.393985
-0.313512   -0.335805   -0.301119
-0.107286   -0.0163676   -0.380926
0.433344   -0.184507   -0.186933
0.0696354   -0.0467122   0.348297
0.00565668   -0.0401866   0.415743
0.439734   -0.428229   -0.404128
-0.139552   -0.334467   -0.43406
-0.330758   0.0948597   0.312418
-0.142171   0.488594   0.209397
0.367359   0.234648   -0.450348
-0.0557257   0.0944213   0.0477336
-0.202388   -0.0693557   -0.465042
0.382512   0.292547   0.489639
-0.367888   0.480543   0.0574929
-0.0882785   0.218118   -0.474813
-0.352988   -0.48899   -0.0723422
-0.359402   -0.0755294   0.147818
0.407667   0.153796   2.67647e-05
0.160278   -0.0997362   -0.0132824
0.49136   0.171549   -0.498252
-0.12869   -0.266646   -0.106438
-0.104163   -0.28392   0.326254
-0.259825   -0.458623   0.118465
0.250529   -0.0490401   -0.306917
0.474875   0.00145569   0.452409
0.413541   -0.440124   0.0118936
0.327545   0.486309   0.0451695
0.0626776   -0.1438   -0.308763
-0.0547746   -0.226897   -0.0491482
0.00558714   -0.234328   0.484623
0.155603   0.0907465   0.0377578
0.480667   0.296464   0.371557
-0.296007   0.214459   0.0388645
-0.303136   0.0446737   -0.0516726
-0.359717   -0.14483   0.461856
-0.330663   0.0543679   0.0302133
-0.143302   -0.0392456   0.489882
-0.319685   0.381129   0.0505799
-0.269354   -0.355054   -0.476234
-0.116038   -0.0569996   -0.0894434
0.185319   -0.0555156   0.210124
0.212247   0.248268   -0.459533
0.243111   0.252057   0.400608
0.121354   0.273664   0.306457
0.0609451   -0.426057   -0.423728
0.435759   -0.0316722   -0.314127
0.0824619   0.332659   -0.464136
0.252677   -0.00898148   -0.481663
