           1   -0.428358   -0.428358           0
           2   -0.411164   -0.419761  0.00859718
           3   -0.415043   -0.418188  0.00520679
           4    -0.40893   -0.415874  0.00434891
           5   -0.420985   -0.416896  0.00352037
           6   -0.413811   -0.416382  0.00292001
           7   -0.410811   -0.415586  0.00259301
           8   -0.418691   -0.415974   0.0022789
           9   -0.405954   -0.414861  0.00229758
          10   -0.414067   -0.414781  0.00205655
          11   -0.413973   -0.414708  0.00186167
          12   -0.415719   -0.414792  0.00170156
          13   -0.409194   -0.414361  0.00162335
          14   -0.415326    -0.41443  0.00150451
          15   -0.407196   -0.413948  0.00148133
          16   -0.417732   -0.414185   0.0014057
          17   -0.413657   -0.414153  0.00132079
          18   -0.411726   -0.414019  0.00125253
          19   -0.415811   -0.414113  0.00118853
          20   -0.411581   -0.413986  0.00113462
          21   -0.410719   -0.413831  0.00109039
          22   -0.416787   -0.413965   0.0010483
          23   -0.409308   -0.413763  0.00102194
          24   -0.404359   -0.413371  0.00105397
          25   -0.413176   -0.413363  0.00101097
          26   -0.409686   -0.413222 0.000981545
          27   -0.412431   -0.413192 0.000944946
          28   -0.413148   -0.413191 0.000910574
          29   -0.416323   -0.413299 0.000885229
          30   -0.417356   -0.413434 0.000865838
          31    -0.41558   -0.413503 0.000840298
          32    -0.41211    -0.41346 0.000814779
          33    -0.40791   -0.413292 0.000807414
          34   -0.410198   -0.413201 0.000788571
          35   -0.417498   -0.413323 0.000775491
          36   -0.411327   -0.413268 0.000755679
          37   -0.417296   -0.413377 0.000742993
          38   -0.414559   -0.413408 0.000723845
          39   -0.411168    -0.41335 0.000707375
          40   -0.413209   -0.413347 0.000689473
          41   -0.413186   -0.413343 0.000672458
          42   -0.423098   -0.413575 0.000696137
          43   -0.406444   -0.413409 0.000699691
          44   -0.411626   -0.413369 0.000684805
          45   -0.414704   -0.413399 0.000670071
          46   -0.407749   -0.413276 0.000666749
          47   -0.425228    -0.41353 0.000700223
          48   -0.412613   -0.413511 0.000685746
          49   -0.417683   -0.413596 0.000676982
          50   -0.413951   -0.413603 0.000663343
          51   -0.421739   -0.413763  0.00066949
          52   -0.408163   -0.413655 0.000665262
          53   -0.422483   -0.413822  0.00067351
          54   -0.415287   -0.413849 0.000661477
          55   -0.413151   -0.413836 0.000649462
          56   -0.408854   -0.413747 0.000643934
          57   -0.418696   -0.413834 0.000638468
          58   -0.413138   -0.413822 0.000627478
          59   -0.407351   -0.413712 0.000626428
          60   -0.416709   -0.413762 0.000617921
          61    -0.42192   -0.413896 0.000622247
          62   -0.419811   -0.413991 0.000619519
          63    -0.41499   -0.414007 0.000609812
          64   -0.414923   -0.414021 0.000600378
          65   -0.417357   -0.414073 0.000593293
          66   -0.413303   -0.414061 0.000584351
          67   -0.414563   -0.414069 0.000575612
          68   -0.422664   -0.414195    0.000581
          69   -0.412462    -0.41417 0.000573069
          70   -0.425706   -0.414335 0.000588375
          71   -0.410855   -0.414286 0.000582095
          72   -0.418698   -0.414347 0.000577215
          73   -0.416637   -0.414378 0.000570117
          74   -0.425497   -0.414529 0.000582088
          75   -0.415521   -0.414542 0.000574427
          76   -0.409025   -0.414469 0.000571448
          77   -0.415578   -0.414484 0.000564161
          78   -0.416326   -0.414507 0.000557382
          79   -0.413797   -0.414498 0.000550355
          80   -0.425412   -0.414635 0.000560295
          81   -0.408215   -0.414555 0.000558982
          82   -0.410101   -0.414501  0.00055479
          83   -0.420315   -0.414571 0.000552522
          84   -0.408927   -0.414504 0.000550025
          85   -0.409265   -0.414442 0.000546999
          86   -0.417984   -0.414484 0.000542167
          87   -0.426713   -0.414624 0.000554027
          88   -0.411943   -0.414594 0.000548542
          89   -0.402834   -0.414461 0.000558206
          90   -0.413712   -0.414453 0.000552032
          91   -0.415003   -0.414459 0.000545965
          92   -0.416909   -0.414486 0.000540655
          93   -0.405996   -0.414395 0.000542546
          94   -0.411448   -0.414363 0.000537658
          95   -0.412213   -0.414341 0.000532449
          96   -0.406136   -0.414255  0.00053376
          97   -0.414191   -0.414254  0.00052823
          98   -0.408845   -0.414199 0.000525718
          99   -0.407747   -0.414134 0.000524446
         100     -0.4213   -0.414206 0.000524098
         101   -0.413803   -0.414202 0.000518898
         102   -0.412586   -0.414186  0.00051403
         103   -0.409549   -0.414141 0.000511001
         104   -0.422832   -0.414224 0.000512917
         105   -0.413448   -0.414217 0.000508063
         106   -0.417969   -0.414252  0.00050449
         107    -0.41645   -0.414273 0.000500175
         108   -0.417796   -0.414306 0.000496594
         109   -0.401551   -0.414189 0.000505741
         110   -0.419551   -0.414237 0.000503487
         111   -0.419289   -0.414283 0.000501002
         112   -0.421546   -0.414348 0.000500726
         113   -0.410777   -0.414316  0.00049728
         114   -0.410419   -0.414282 0.000494083
         115   -0.410644    -0.41425 0.000490788
         116   -0.419505   -0.414296 0.000488643
         117   -0.408077   -0.414242 0.000487356
         118   -0.416131   -0.414258 0.000483473
         119   -0.407038   -0.414198 0.000483217
         120   -0.412202   -0.414181 0.000479462
         121   -0.423912   -0.414262 0.000482236
         122   -0.408456   -0.414214 0.000480629
         123   -0.419221   -0.414255  0.00047844
         124   -0.413717    -0.41425 0.000474586
         125   -0.408317   -0.414203 0.000473161
         126    -0.41451   -0.414205 0.000469397
         127   -0.410287   -0.414174 0.000466707
         128   -0.410277   -0.414144 0.000464047
         129   -0.411298   -0.414122 0.000460964
         130   -0.406251   -0.414061 0.000461394
         131   -0.411544   -0.414042 0.000458262
         132    -0.41044   -0.414015 0.000455595
         133   -0.423165   -0.414084  0.00045736
         134   -0.410343   -0.414056 0.000454792
         135   -0.411147   -0.414034 0.000451924
         136   -0.416651   -0.414053 0.000449001
         137   -0.423238    -0.41412 0.000450726
         138   -0.416978   -0.414141 0.000447927
         139    -0.40861   -0.414101 0.000446469
         140    -0.41743   -0.414125 0.000443906
         141   -0.405443   -0.414064 0.000445027
         142   -0.413794   -0.414062 0.000441886
         143   -0.422741   -0.414122 0.000442963
         144   -0.411581   -0.414105  0.00044023
         145   -0.405062   -0.414042 0.000441609
         146   -0.419307   -0.414078 0.000440054
         147   -0.418913   -0.414111 0.000438286
         148   -0.416114   -0.414125 0.000435524
         149   -0.413589   -0.414121 0.000432607
         150   -0.404118   -0.414055 0.000434857
         151   -0.408492   -0.414018 0.000433535
         152   -0.411427   -0.414001 0.000431011
         153   -0.408921   -0.413967  0.00042947
         154   -0.412891   -0.413961 0.000426729
         155   -0.418732   -0.413991 0.000425083
         156   -0.407061   -0.413947  0.00042468
         157   -0.412041   -0.413935 0.000422141
         158   -0.418051   -0.413961 0.000420268
         159   -0.409373   -0.413932 0.000418612
         160   -0.414082   -0.413933 0.000415989
         161   -0.407775   -0.413895 0.000415163
         162   -0.408849   -0.413863 0.000413766
         163    -0.41972   -0.413899 0.000412786
         164   -0.399503   -0.413812 0.000419548
         165   -0.415705   -0.413823 0.000417155
         166   -0.410525   -0.413803 0.000415111
         167   -0.419115   -0.413835 0.000413841
         168   -0.408411   -0.413803 0.000412636
         169   -0.422014   -0.413851 0.000413055
         170   -0.413572    -0.41385 0.000410621
         171   -0.417576   -0.413871 0.000408794
         172   -0.410284   -0.413851 0.000406945
         173   -0.408812   -0.413821 0.000405633
         174   -0.417005    -0.41384  0.00040371
         175   -0.405468   -0.413792 0.000404237
         176   -0.414353   -0.413795 0.000401946
         177    -0.41401   -0.413796 0.000399671
         178   -0.398353    -0.41371 0.000406779
         179   -0.418311   -0.413735 0.000405316
         180   -0.415631   -0.413746 0.000403196
         181   -0.414099   -0.413748 0.000400967
         182   -0.415709   -0.413759 0.000398903
         183   -0.412474   -0.413752 0.000396779
         184   -0.408733   -0.413724 0.000395558
         185   -0.417504   -0.413745 0.000393945
         186   -0.415454   -0.413754 0.000391929
         187   -0.410321   -0.413736 0.000390259
         188   -0.417106   -0.413753 0.000388592
         189   -0.409511   -0.413731 0.000387181
         190   -0.408413   -0.413703 0.000386154
         191   -0.420367   -0.413738 0.000385708
         192   -0.410974   -0.413724 0.000383964
         193   -0.415188   -0.413731 0.000382044
         194   -0.416623   -0.413746 0.000380362
         195    -0.41187   -0.413736 0.000378529
         196   -0.417163   -0.413754 0.000376998
         197   -0.415591   -0.413763 0.000375196
         198   -0.417738   -0.413783 0.000373835
         199   -0.417296   -0.413801 0.000372371
         200   -0.415204   -0.413808  0.00037057
