         200   0.0323165           0           0
         200   0.0969496           0           0
         200    0.161583           0           0
         200    0.226216           0           0
         200    0.290849           0           0
         200    0.355482           0           0
         200    0.420115           0           0
         200    0.484748           0           0
         200    0.549381           0           0
         200    0.614014           0           0
         200    0.678647           0           0
         200     0.74328           0           0
         200    0.807913           0           0
         200    0.872546 9.53457e-06 9.78584e-07
         200    0.937179  0.00137396 1.04242e-05
         200     1.00181  0.00984894 3.23357e-05
         200     1.06645   0.0188874   5.245e-05
         200     1.13108   0.0209602 5.26792e-05
         200     1.19571   0.0192657 4.29563e-05
         200     1.26034   0.0169797 4.04207e-05
         200     1.32498   0.0149438 3.23207e-05
         200     1.38961   0.0134365  2.7639e-05
         200     1.45424   0.0123506 2.49677e-05
         200     1.51888   0.0115409 2.25672e-05
         200     1.58351   0.0110274 2.01812e-05
         200     1.64814   0.0105904 1.80576e-05
         200     1.71278    0.010332 1.92445e-05
         200     1.77741   0.0100846 1.72262e-05
         200     1.84204  0.00994007 1.59517e-05
         200     1.90667  0.00986368 1.58018e-05
         200     1.97131  0.00980385 1.42343e-05
         200     2.03594  0.00980473 1.60445e-05
         200     2.10057  0.00975345 1.41802e-05
         200     2.16521   0.0097335 1.47549e-05
         200     2.22984  0.00970712 1.36388e-05
         200     2.29447  0.00966133 1.22126e-05
         200     2.35911   0.0095752  1.2112e-05
         200     2.42374  0.00954181 1.25787e-05
         200     2.48837  0.00951041 1.17694e-05
         200     2.55301  0.00944061 1.04582e-05
         200     2.61764  0.00942827 1.11503e-05
         200     2.68227  0.00936448 1.05856e-05
         200      2.7469  0.00934614 1.06898e-05
         200     2.81154  0.00931685  1.0318e-05
         200     2.87617  0.00929571 1.01705e-05
         200      2.9408  0.00927455 8.87288e-06
         200     3.00544  0.00927231 8.95118e-06
         200     3.07007  0.00924549 8.44416e-06
         200      3.1347   0.0092726 7.98975e-06
         200     3.19934  0.00923969 9.15221e-06
         200     3.26397  0.00923378 8.46463e-06
         200      3.3286  0.00922438 9.12018e-06
         200     3.39323  0.00919573 8.72193e-06
         200     3.45787   0.0092035 7.95949e-06
         200      3.5225  0.00919556 7.58769e-06
         200     3.58713  0.00919841 8.75394e-06
         200     3.65177  0.00918245 7.40998e-06
         200      3.7164  0.00918024 7.23192e-06
         200     3.78103  0.00917127 6.84999e-06
         200     3.84567  0.00916731 6.92291e-06
         200      3.9103  0.00916229 7.19841e-06
         200     3.97493  0.00915761 7.32437e-06
         200     4.03957  0.00915254 6.93345e-06
         200      4.1042  0.00915963 6.53185e-06
         200     4.16883  0.00914857   6.484e-06
         200     4.23346  0.00915732 6.80876e-06
         200      4.2981  0.00915413 6.26363e-06
         200     4.36273   0.0091462 5.83101e-06
         200     4.42736   0.0091504 5.66228e-06
         200       4.492    0.009154 6.17634e-06
         200     4.55663  0.00913988 6.21209e-06
         200     4.62126  0.00914119 5.59003e-06
         200      4.6859  0.00913866 5.61579e-06
         200     4.75053  0.00913477 6.18626e-06
         200     4.81516   0.0091378 5.83199e-06
         200     4.87979  0.00913463 5.88623e-06
         200     4.94443  0.00913863 5.59868e-06
         200     5.00906  0.00913161 5.43875e-06
         200     5.07369  0.00913862 5.12046e-06
         200     5.13833  0.00913426 5.40927e-06
         200     5.20296  0.00913941 5.10846e-06
         200     5.26759  0.00913689 5.37017e-06
         200     5.33223  0.00912909 5.08944e-06
         200     5.39686  0.00913536 5.38032e-06
         200     5.46149  0.00912647 5.30513e-06
         200     5.52612  0.00912036 4.64359e-06
         200     5.59076  0.00913506 5.05568e-06
         200     5.65539  0.00913425 4.75535e-06
         200     5.72002  0.00913533 4.41532e-06
         200     5.78466  0.00911869 4.31285e-06
         200     5.84929  0.00912784 4.73096e-06
         200     5.91392  0.00913554 4.67786e-06
         200     5.97856  0.00913122 4.22276e-06
         200     6.04319  0.00913712 4.21317e-06
         200     6.10782  0.00912945 4.51551e-06
         200     6.17246  0.00912567 4.50556e-06
         200     6.23709  0.00913295 4.54823e-06
         200     6.30172  0.00913118 4.25664e-06
         200     6.36635  0.00912522 4.20804e-06
         200     6.43099  0.00913178 4.07673e-06
