           1   0.0489663   0.0489663           0
           2   0.0492222   0.0490943 0.000127989
           3   0.0484312   0.0488733 0.000233031
           4   0.0489808   0.0489001 0.000166955
           5   0.0482635   0.0487728 0.000181482
           6   0.0486477    0.048752 0.000149638
           7   0.0488933   0.0487722 0.000128069
           8   0.0484415   0.0487308 0.000118363
           9   0.0495392   0.0488206 0.000137713
          10   0.0498845    0.048927 0.000162755
          11    0.048889   0.0489236 0.000147258
          12   0.0492826   0.0489535 0.000137718
          13   0.0496377   0.0490061 0.000137179
          14   0.0488804   0.0489971  0.00012732
          15   0.0502632   0.0490815 0.000145508
          16   0.0490748   0.0490811 0.000136111
          17   0.0482491   0.0490322 0.000136901
          18   0.0485612    0.049006 0.000131697
          19   0.0507648   0.0490986 0.000155199
          20   0.0483772   0.0490625 0.000151588
          21   0.0492378   0.0490709  0.00014443
          22   0.0491506   0.0490745 0.000137756
          23   0.0492072   0.0490803 0.000131757
          24   0.0493889   0.0490931 0.000126802
          25   0.0489596   0.0490878 0.000121741
          26   0.0481508   0.0490517 0.000122391
          27   0.0489371   0.0490475 0.000117847
          28   0.0482796   0.0490201 0.000116825
          29   0.0495672   0.0490389 0.000114293
          30   0.0498854   0.0490671 0.000113965
          31   0.0485325   0.0490499 0.000111569
          32   0.0483939   0.0490294 0.000109954
          33    0.049079   0.0490309  0.00010658
          34   0.0489318    0.049028 0.000103439
          35    0.049126   0.0490308 0.000100479
          36   0.0488883   0.0490268 9.77285e-05
          37   0.0494304   0.0490377 9.56741e-05
          38   0.0501758   0.0490677 9.78194e-05
          39   0.0492805   0.0490731 9.54343e-05
          40   0.0492479   0.0490775 9.31204e-05
          41   0.0489709   0.0490749 9.08581e-05
          42   0.0492147   0.0490782 8.87308e-05
          43   0.0489627   0.0490756 8.66844e-05
          44   0.0485295   0.0490631 8.55959e-05
          45   0.0491993   0.0490662 8.37269e-05
          46     0.04966   0.0490791 8.28978e-05
          47   0.0485503   0.0490678 8.18912e-05
          48   0.0482126     0.04905 8.21231e-05
          49   0.0494104   0.0490574 8.07652e-05
          50   0.0483813   0.0490438 8.02803e-05
          51   0.0477978   0.0490194 8.23962e-05
          52   0.0496965   0.0490324 8.18387e-05
          53   0.0491963   0.0490355 8.03393e-05
          54   0.0487244   0.0490298 7.90478e-05
          55   0.0490113   0.0490294  7.7598e-05
          56   0.0492528   0.0490334 7.63041e-05
          57   0.0490764   0.0490342 7.49572e-05
          58   0.0492093   0.0490372 7.37154e-05
          59   0.0495902   0.0490466 7.30589e-05
          60   0.0488358    0.049043 7.19168e-05
          61   0.0487906   0.0490389  7.0849e-05
          62   0.0481457   0.0490245 7.11703e-05
          63   0.0493077    0.049029 7.01756e-05
          64   0.0489469   0.0490277 6.90824e-05
          65   0.0488451   0.0490249 6.80693e-05
          66    0.048929   0.0490235 6.70457e-05
          67   0.0490563   0.0490239 6.60393e-05
          68   0.0483906   0.0490146 6.57242e-05
          69   0.0494372   0.0490208 6.50535e-05
          70   0.0479063   0.0490048 6.60646e-05
          71    0.049032   0.0490052 6.51286e-05
          72   0.0493002   0.0490093 6.43483e-05
          73   0.0491602   0.0490114 6.34943e-05
          74   0.0496756   0.0490204 6.32704e-05
          75   0.0486913    0.049016 6.25751e-05
          76   0.0490875   0.0490169 6.17535e-05
          77   0.0483508   0.0490083 6.15571e-05
          78   0.0487507    0.049005 6.08525e-05
          79   0.0495735   0.0490122 6.05067e-05
          80   0.0492113   0.0490146 5.97974e-05
          81   0.0482823   0.0490056 5.97426e-05
          82   0.0490168   0.0490057 5.90097e-05
          83   0.0483788   0.0489982 5.87817e-05
          84   0.0488814   0.0489968 5.80943e-05
          85   0.0489224   0.0489959 5.74135e-05
          86   0.0485223   0.0489904 5.70085e-05
          87   0.0485356   0.0489852 5.65915e-05
          88   0.0492285   0.0489879  5.6013e-05
          89   0.0490017   0.0489881 5.53803e-05
          90   0.0485325    0.048983  5.4995e-05
          91   0.0481039   0.0489734 5.52387e-05
          92   0.0492472   0.0489764  5.4716e-05
          93   0.0493274   0.0489801 5.42559e-05
          94   0.0497945   0.0489888 5.43702e-05
          95   0.0490108    0.048989 5.37953e-05
          96   0.0490247   0.0489894 5.32333e-05
          97   0.0493448   0.0489931 5.28089e-05
          98   0.0491912   0.0489951 5.23064e-05
          99   0.0491524   0.0489967 5.17997e-05
         100   0.0484137   0.0489908 5.16094e-05
         101   0.0496405   0.0489973 5.14991e-05
         102   0.0488315   0.0489956 5.10176e-05
         103   0.0489282    0.048995 5.05241e-05
         104    0.049505   0.0489999 5.02757e-05
         105   0.0490013   0.0489999 4.97946e-05
         106   0.0491126    0.049001  4.9334e-05
         107   0.0490106   0.0490011 4.88709e-05
         108   0.0497317   0.0490078 4.88866e-05
         109   0.0491866   0.0490095 4.84638e-05
         110   0.0490564   0.0490099  4.8023e-05
         111   0.0482165   0.0490027 4.81223e-05
         112   0.0482984   0.0489965 4.81035e-05
         113    0.049577   0.0490016 4.79519e-05
         114   0.0492032   0.0490034 4.75623e-05
         115   0.0480502   0.0489951   4.787e-05
         116   0.0488716    0.048994 4.74674e-05
         117   0.0509228   0.0490105 4.98638e-05
         118   0.0495981   0.0490155 4.96896e-05
         119   0.0495869   0.0490203 4.95037e-05
         120   0.0492389   0.0490221 4.91232e-05
         121    0.050546   0.0490347 5.03172e-05
         122   0.0497812   0.0490408 5.02767e-05
         123   0.0492969   0.0490429 4.99098e-05
         124   0.0494162   0.0490459 4.95971e-05
         125   0.0489999   0.0490455 4.92001e-05
         126   0.0497209   0.0490509 4.91015e-05
         127    0.048139   0.0490437 4.92397e-05
         128   0.0486561   0.0490407 4.89473e-05
         129   0.0501386   0.0490492 4.93065e-05
         130     0.04984   0.0490553 4.93024e-05
         131   0.0483616     0.04905 4.92104e-05
         132   0.0484329   0.0490453 4.90594e-05
         133     0.04882   0.0490436 4.87186e-05
         134    0.048409   0.0490389  4.8585e-05
         135   0.0496476   0.0490434 4.84342e-05
         136   0.0493047   0.0490453 4.81151e-05
         137   0.0493379   0.0490474 4.78103e-05
         138   0.0483441   0.0490424 4.77355e-05
         139   0.0496024   0.0490464 4.75618e-05
         140   0.0485588   0.0490429 4.73491e-05
         141   0.0486351     0.04904  4.7101e-05
         142   0.0495971   0.0490439 4.69324e-05
         143   0.0483746   0.0490392 4.68375e-05
         144   0.0504072   0.0490487 4.74714e-05
         145   0.0493871   0.0490511 4.72006e-05
         146    0.049151   0.0490518 4.68812e-05
         147   0.0488859   0.0490506 4.65748e-05
         148   0.0478686   0.0490427 4.69434e-05
         149   0.0493212   0.0490445 4.66648e-05
         150    0.049432   0.0490471 4.64245e-05
         151   0.0495376   0.0490504 4.62303e-05
         152   0.0489022   0.0490494 4.59355e-05
         153   0.0486033   0.0490465 4.57274e-05
         154   0.0495112   0.0490495 4.55296e-05
         155   0.0490492   0.0490495 4.52349e-05
         156   0.0497667   0.0490541 4.51785e-05
         157   0.0490606   0.0490541 4.48898e-05
         158   0.0497654   0.0490586 4.48314e-05
         159   0.0485462   0.0490554  4.4665e-05
         160   0.0503599   0.0490635 4.51275e-05
         161   0.0492918    0.049065 4.48688e-05
         162   0.0492608   0.0490662 4.46073e-05
         163   0.0485773   0.0490632 4.44342e-05
         164   0.0492046    0.049064 4.41708e-05
         165   0.0487557   0.0490622 4.39421e-05
         166   0.0498556   0.0490669 4.39373e-05
         167   0.0482995   0.0490624 4.39145e-05
         168   0.0498826   0.0490672 4.39245e-05
         169   0.0491323   0.0490676 4.36655e-05
         170    0.049077   0.0490677  4.3408e-05
         171   0.0493733   0.0490695 4.31904e-05
         172   0.0486018   0.0490667 4.30245e-05
         173   0.0487018   0.0490646 4.28271e-05
         174   0.0479772   0.0490584 4.30365e-05
         175   0.0492659   0.0490596 4.28063e-05
         176   0.0487896    0.049058   4.259e-05
         177   0.0493824   0.0490599 4.23883e-05
         178   0.0502345   0.0490665  4.2663e-05
         179   0.0498049   0.0490706 4.26241e-05
         180   0.0489247   0.0490698 4.23944e-05
         181   0.0487452    0.049068 4.21976e-05
         182   0.0485575   0.0490652 4.20588e-05
         183   0.0484703   0.0490619 4.19544e-05
         184   0.0489514   0.0490613 4.17301e-05
         185   0.0490268   0.0490611 4.15044e-05
         186   0.0487099   0.0490593 4.13238e-05
         187   0.0490557   0.0490592 4.11022e-05
         188   0.0498079   0.0490632 4.10765e-05
         189   0.0493929    0.049065 4.08958e-05
         190   0.0485128   0.0490621 4.07837e-05
         191   0.0486817   0.0490601 4.06184e-05
         192   0.0491939   0.0490608 4.04124e-05
         193   0.0497292   0.0490642 4.03513e-05
         194   0.0493911   0.0490659 4.01781e-05
         195   0.0486691   0.0490639 4.00233e-05
         196   0.0485385   0.0490612 3.99087e-05
         197   0.0486145   0.0490589 3.97703e-05
         198   0.0487334   0.0490573 3.96031e-05
         199   0.0483863   0.0490539 3.95476e-05
         200   0.0491453   0.0490544  3.9352e-05
