         200   0.0115332           0           0
         200   0.0345996           0           0
         200   0.0576661           0           0
         200   0.0807325           0           0
         200    0.103799           0           0
         200    0.126865           0           0
         200    0.149932           0           0
         200    0.172998           0           0
         200    0.196065           0           0
         200    0.219131           0           0
         200    0.242198           0           0
         200    0.265264           0           0
         200     0.28833           0           0
         200    0.311397           0           0
         200    0.334463           0           0
         200     0.35753           0           0
         200    0.380596           0           0
         200    0.403663           0           0
         200    0.426729           0           0
         200    0.449795           0           0
         200    0.472862           0           0
         200    0.495928           0           0
         200    0.518995           0           0
         200    0.542061           0           0
         200    0.565128           0           0
         200    0.588194           0           0
         200     0.61126           0           0
         200    0.634327           0           0
         200    0.657393           0           0
         200     0.68046           0           0
         200    0.703526           0           0
         200    0.726593           0           0
         200    0.749659           0           0
         200    0.772725           0           0
         200    0.795792           0           0
         200    0.818858           0           0
         200    0.841925           0           0
         200    0.864991           0           0
         200    0.888058 6.47764e-07 8.85675e-08
         200    0.911124 3.10541e-05 7.51613e-07
         200     0.93419 0.000436162 3.10762e-06
         200    0.957257  0.00270089 9.08303e-06
         200    0.980323  0.00929595  1.7162e-05
         200     1.00339   0.0207167 2.42489e-05
         200     1.02646   0.0335428 1.99617e-05
         200     1.04952   0.0427804 2.18708e-05
         200     1.07259   0.0453994 3.16244e-05
         200     1.09566   0.0416003 3.25095e-05
         200     1.11872   0.0339323 2.64389e-05
         200     1.14179   0.0249805 1.81843e-05
         200     1.16485   0.0167993 1.22019e-05
         200     1.18792   0.0104709 1.16276e-05
         200     1.21099  0.00603522 1.08341e-05
         200     1.23405  0.00325935 1.02286e-05
         200     1.25712  0.00165504 7.29307e-06
         200     1.28019 0.000812424 5.24413e-06
         200     1.30325 0.000445549 4.10258e-06
         200     1.32632 0.000381138 3.85585e-06
         200     1.34939 0.000550654 4.43787e-06
         200     1.37245 0.000966669 5.16734e-06
         200     1.39552  0.00169551 6.32491e-06
         200     1.41859  0.00277236 6.93255e-06
         200     1.44165  0.00419049 6.03589e-06
         200     1.46472  0.00583009 6.35147e-06
         200     1.48778  0.00739163 8.49564e-06
         200     1.51085  0.00855893 1.16687e-05
         200     1.53392  0.00900178 1.32351e-05
         200     1.55698  0.00861715 1.22566e-05
         200     1.58005   0.0075017 9.07232e-06
         200     1.60312  0.00593527 6.23545e-06
         200     1.62618  0.00431199 5.06576e-06
         200     1.64925  0.00291732 6.52634e-06
         200     1.67232  0.00202291 7.74905e-06
         200     1.69538  0.00176121 8.62546e-06
         200     1.71845  0.00234201 1.00022e-05
         200     1.74152  0.00399832   1.172e-05
         200     1.76458  0.00692552 1.20172e-05
         200     1.78765   0.0110713 1.06609e-05
         200     1.81071   0.0159889 8.07412e-06
         200     1.83378   0.0207222 1.29222e-05
         200     1.85685    0.024076 1.87447e-05
         200     1.87991   0.0251651 2.17476e-05
         200     1.90298   0.0237072 2.25866e-05
         200     1.92605   0.0202151 1.53092e-05
         200     1.94911   0.0156629 8.24955e-06
         200     1.97218   0.0111043 6.93583e-06
         200     1.99525  0.00741135 1.10841e-05
         200     2.01831    0.004998 1.23078e-05
         200     2.04138  0.00400342  1.2298e-05
         200     2.06445   0.0042483 1.02462e-05
         200     2.08751  0.00542137 7.30253e-06
         200     2.11058  0.00701587 4.47351e-06
         200     2.13364  0.00850015 5.74184e-06
         200     2.15671  0.00941569 8.54599e-06
         200     2.17978  0.00946966 9.25878e-06
         200     2.20284  0.00852209 7.72051e-06
         200     2.22591  0.00723063 4.89187e-06
         200     2.24898  0.00604192 6.56469e-06
         200     2.27204  0.00527221 1.03786e-05
         200     2.29511  0.00528105 1.22493e-05
