           1    -7.55901    -7.55901           0
           2     -7.5779    -7.56845  0.00944575
           3    -7.52843    -7.55511   0.0144135
           4    -7.55236    -7.55442   0.0102151
           5     -7.5491    -7.55336   0.0079838
           6    -7.55524    -7.55367  0.00652628
           7    -7.57092    -7.55614   0.0060411
           8    -7.54748    -7.55506  0.00534246
           9    -7.52148    -7.55133   0.0060097
          10    -7.54048    -7.55024  0.00548356
          11    -7.56601    -7.55167  0.00516306
          12    -7.53503    -7.55029  0.00491298
          13    -7.56234    -7.55121  0.00461339
          14    -7.56553    -7.55224  0.00439192
          15    -7.55256    -7.55226  0.00408871
          16    -7.56847    -7.55327  0.00395651
          17    -7.56189    -7.55378   0.0037509
          18     -7.5604    -7.55415  0.00355545
          19    -7.52684    -7.55271  0.00365738
          20    -7.55093    -7.55262  0.00347083
          21    -7.56385    -7.55316  0.00334448
          22    -7.53189    -7.55219  0.00333212
          23     -7.5341     -7.5514  0.00327968
          24    -7.52456    -7.55028  0.00333333
          25     -7.5415    -7.54993  0.00321645
          26    -7.56804    -7.55063   0.0031678
          27    -7.54131    -7.55028   0.0030677
          28     -7.5475    -7.55018  0.00295778
          29     -7.5576    -7.55044   0.0028654
          30    -7.56404    -7.55089  0.00280514
          31    -7.55271    -7.55095  0.00271377
          32    -7.54207    -7.55067  0.00264221
          33    -7.54423    -7.55048  0.00256834
          34    -7.55517    -7.55062  0.00249547
          35    -7.55195    -7.55066  0.00242343
          36    -7.57582    -7.55135  0.00245672
          37     -7.5524    -7.55138  0.00238957
          38    -7.56992    -7.55187  0.00237647
          39    -7.56201    -7.55213   0.0023293
          40    -7.54342    -7.55191  0.00228075
          41    -7.53816    -7.55158  0.00224958
          42    -7.57011    -7.55202  0.00223928
          43    -7.53853    -7.55171  0.00220897
          44    -7.57757    -7.55229  0.00223682
          45    -7.56242    -7.55252   0.0021981
          46    -7.56191    -7.55272  0.00215945
          47    -7.55852    -7.55285  0.00211661
          48    -7.53959    -7.55257  0.00209036
          49    -7.53621    -7.55224  0.00207429
          50    -7.52602    -7.55171  0.00209893
          51    -7.55326    -7.55174  0.00205759
          52    -7.54174    -7.55155  0.00202678
          53    -7.55021    -7.55152  0.00198833
          54    -7.53172    -7.55116  0.00198534
          55    -7.55759    -7.55127  0.00195241
          56    -7.52576    -7.55082  0.00197063
          57    -7.53206    -7.55049  0.00196353
          58    -7.54084    -7.55032  0.00193655
          59    -7.56419    -7.55056  0.00191789
          60    -7.56765    -7.55084  0.00190705
          61    -7.54904    -7.55081  0.00187576
          62    -7.55135    -7.55082  0.00184528
          63    -7.54462    -7.55072  0.00181842
          64    -7.58352    -7.55124  0.00186171
          65    -7.56057    -7.55138  0.00183845
          66    -7.53134    -7.55108  0.00183567
          67    -7.54938    -7.55105  0.00180824
          68     -7.5544     -7.5511  0.00178213
          69    -7.54903    -7.55107  0.00175637
          70    -7.55723    -7.55116  0.00173334
          71    -7.55325    -7.55119    0.001709
          72    -7.53227    -7.55092  0.00170546
          73    -7.52244    -7.55053  0.00172662
          74    -7.53895    -7.55038  0.00171031
          75    -7.51921    -7.54996  0.00173778
          76    -7.51151    -7.54946  0.00178785
          77    -7.53164    -7.54923  0.00177958
          78    -7.56353    -7.54941  0.00176616
          79    -7.52121    -7.54905  0.00177982
          80    -7.56268    -7.54922  0.00176568
          81    -7.52703    -7.54895  0.00176513
          82    -7.57556    -7.54927  0.00177342
          83    -7.56189    -7.54942   0.0017585
          84      -7.546    -7.54938  0.00173792
          85    -7.54508    -7.54933   0.0017181
          86     -7.5189    -7.54898  0.00173449
          87    -7.56009    -7.54911  0.00171919
          88    -7.56955    -7.54934  0.00171534
          89    -7.58102     -7.5497  0.00173291
          90    -7.55118    -7.54971  0.00171363
          91    -7.57168    -7.54995   0.0017118
          92    -7.52511    -7.54968   0.0017145
          93    -7.54874    -7.54967  0.00169599
          94    -7.56314    -7.54982  0.00168396
          95    -7.55096    -7.54983  0.00166618
          96      -7.553    -7.54986  0.00164907
          97    -7.54291    -7.54979  0.00163355
          98    -7.58928    -7.55019  0.00166626
          99    -7.51559    -7.54984  0.00168598
         100    -7.53747    -7.54972  0.00167361
         101    -7.56873    -7.54991  0.00166762
         102    -7.55445    -7.54995  0.00165179
         103    -7.52521    -7.54971  0.00165321
         104    -7.51384    -7.54937  0.00167318
         105    -7.53076    -7.54919  0.00166662
         106    -7.55503    -7.54924  0.00165174
         107    -7.54449     -7.5492  0.00163684
         108    -7.53283    -7.54905  0.00162868
         109    -7.54734    -7.54903  0.00161375
         110    -7.55415    -7.54908  0.00159968
         111    -7.56473    -7.54922  0.00159146
         112    -7.51054    -7.54888  0.00161456
         113    -7.56609    -7.54903  0.00160744
         114    -7.56484    -7.54917   0.0015993
         115    -7.55128    -7.54918  0.00158544
         116    -7.57511    -7.54941  0.00158753
         117    -7.58157    -7.54968  0.00159772
         118    -7.54659    -7.54966  0.00158434
         119     -7.5398    -7.54957  0.00157315
         120     -7.5733    -7.54977  0.00157247
         121    -7.55099    -7.54978  0.00155946
         122     -7.5547    -7.54982  0.00154715
         123    -7.53161    -7.54967  0.00154165
         124    -7.54874    -7.54967  0.00152918
         125    -7.53988    -7.54959  0.00151892
         126    -7.55144     -7.5496  0.00150688
         127    -7.55033    -7.54961  0.00149498
         128    -7.53885    -7.54952  0.00148564
         129    -7.55027    -7.54953  0.00147409
         130     -7.5508    -7.54954  0.00146274
         131    -7.54974    -7.54954  0.00145153
         132    -7.57287    -7.54972   0.0014513
         133    -7.54831    -7.54971  0.00144038
         134    -7.55008    -7.54971  0.00142959
         135    -7.57155    -7.54987  0.00142816
         136    -7.55634    -7.54992  0.00141842
         137    -7.53263    -7.54979  0.00141367
         138    -7.55951    -7.54986  0.00140516
         139    -7.53827    -7.54978   0.0013975
         140    -7.53799     -7.5497  0.00139004
         141    -7.55186    -7.54971  0.00138023
         142    -7.55623    -7.54976  0.00137124
         143    -7.54854    -7.54975  0.00136165
         144    -7.54573    -7.54972  0.00135245
         145    -7.56303    -7.54981  0.00134622
         146    -7.54974    -7.54981  0.00133697
         147    -7.54878    -7.54981  0.00132786
         148    -7.56433     -7.5499   0.0013225
         149    -7.51151    -7.54965  0.00133863
         150    -7.55244    -7.54966   0.0013298
         151    -7.51574    -7.54944  0.00133994
         152    -7.54611    -7.54942  0.00133127
         153    -7.52904    -7.54928  0.00132923
         154    -7.57065    -7.54942  0.00132784
         155    -7.53234    -7.54931  0.00132384
         156    -7.54271    -7.54927    0.001316
         157    -7.53815     -7.5492  0.00130951
         158    -7.51806      -7.549  0.00131604
         159    -7.54938    -7.54901  0.00130774
         160    -7.53962    -7.54895  0.00130086
         161    -7.54347    -7.54891   0.0012932
         162    -7.55929    -7.54898  0.00128679
         163    -7.56934     -7.5491  0.00128496
         164       -7.54    -7.54905  0.00127831
         165    -7.54314    -7.54901  0.00127104
         166    -7.54366    -7.54898  0.00126377
         167    -7.54597    -7.54896  0.00125631
         168    -7.54169    -7.54892  0.00124956
         169    -7.54657     -7.5489  0.00124222
         170    -7.54192    -7.54886  0.00123557
         171    -7.54271    -7.54883  0.00122885
         172    -7.51182    -7.54861  0.00124049
         173     -7.5562    -7.54865  0.00123408
         174    -7.55079    -7.54867  0.00122703
         175    -7.53719     -7.5486  0.00122176
         176    -7.55287    -7.54863  0.00121504
         177    -7.55596    -7.54867  0.00120887
         178     -7.5167    -7.54849   0.0012154
         179    -7.55412    -7.54852    0.001209
         180    -7.54375    -7.54849  0.00120255
         181    -7.52951    -7.54839  0.00120048
         182    -7.56362    -7.54847   0.0011968
         183    -7.53133    -7.54838  0.00119392
         184    -7.56231    -7.54845  0.00118983
         185     -7.5581    -7.54851  0.00118452
         186    -7.56095    -7.54857  0.00118004
         187    -7.52209    -7.54843  0.00118222
         188    -7.56807    -7.54854  0.00118054
         189    -7.51898    -7.54838  0.00118465
         190     -7.5501    -7.54839  0.00117843
         191    -7.54992     -7.5484  0.00117227
         192    -7.56443    -7.54848  0.00116914
         193    -7.56752    -7.54858  0.00116724
         194    -7.55332     -7.5486  0.00116146
         195    -7.56309    -7.54868  0.00115788
         196    -7.55672    -7.54872  0.00115269
         197    -7.56402     -7.5488  0.00114945
         198    -7.56645    -7.54888   0.0011471
         199    -7.51576    -7.54872   0.0011534
         200    -7.53271    -7.54864   0.0011504
