           1     7.52603     7.52603           0
           2     7.42677      7.4764   0.0496289
           3     7.68895     7.54725   0.0764255
           4     7.55264      7.5486   0.0540578
           5     7.58512      7.5559   0.0425052
           6     7.54654     7.55434   0.0347404
           7     7.45455     7.54008    0.032639
           8     7.58445     7.54563   0.0288051
           9     7.72968     7.56608    0.032612
          10     7.62275     7.57175   0.0297144
          11     7.48083     7.56348   0.0281199
          12     7.65812     7.57137    0.026854
          13      7.5112     7.56674    0.025132
          14     7.49773     7.56181   0.0237841
          15     7.55561      7.5614   0.0221456
          16      7.4738     7.55592   0.0214266
          17     7.50838     7.55312   0.0203202
          18     7.51159     7.55082   0.0192965
          19     7.70085     7.55871   0.0198875
          20     7.56887     7.55922   0.0188738
          21     7.49988      7.5564   0.0181735
          22     7.67408     7.56174   0.0181347
          23     7.66113     7.56607   0.0178589
          24      7.7168     7.57235   0.0182156
          25     7.62333     7.57439   0.0175904
          26     7.47157     7.57043   0.0173568
          27     7.62637      7.5725   0.0168296
          28     7.59018     7.57313   0.0162297
          29     7.53546     7.57184   0.0157138
          30     7.50175      7.5695   0.0153597
          31     7.55995     7.56919   0.0148592
          32     7.61671     7.57068   0.0144638
          33     7.60865     7.57183   0.0140658
          34     7.54346     7.57099   0.0136713
          35     7.56224     7.57074   0.0132773
          36     7.43165     7.56688   0.0134693
          37     7.55572     7.56658   0.0131036
          38     7.46169     7.56382   0.0130494
          39     7.50794     7.56238   0.0127909
          40     7.61067     7.56359   0.0125253
          41     7.63304     7.56529   0.0123329
          42     7.47287     7.56309   0.0122352
          43     7.63447     7.56475    0.012062
          44     7.42004     7.56146    0.012235
          45     7.50962      7.5603   0.0120153
          46     7.50707     7.55915   0.0118081
          47      7.5261     7.55844   0.0115755
          48     7.62396     7.55981   0.0114137
          49     7.65047     7.56166   0.0113304
          50     7.70429     7.56451   0.0114621
          51     7.55978     7.56442   0.0112355
          52     7.61561      7.5654   0.0110612
          53     7.57634     7.56561   0.0108525
          54     7.67644     7.56766   0.0108456
          55     7.54067     7.56717   0.0106579
          56     7.70967     7.56972   0.0107707
          57     7.67196     7.57151    0.010731
          58     7.62069     7.57236   0.0105784
          59     7.49973     7.57113   0.0104702
          60     7.47762     7.56957   0.0104115
          61     7.57845     7.56971   0.0102404
          62     7.56431     7.56963   0.0100743
          63     7.60309     7.57016  0.00992731
          64     7.39132     7.56736   0.0101627
          65     7.51542     7.56656    0.010037
          66     7.67603     7.56822   0.0100219
          67     7.58039      7.5684  0.00987289
          68     7.55707     7.56824  0.00972805
          69     7.57187     7.56829  0.00958617
          70     7.53096     7.56776  0.00946327
          71      7.5578     7.56762  0.00933009
          72     7.66006      7.5689  0.00928875
          73     7.73087     7.57112   0.0094255
          74     7.63784     7.57202  0.00934087
          75     7.74739     7.57436  0.00950749
          76     7.78885     7.57718  0.00979686
          77      7.6814     7.57854  0.00976305
          78     7.49954     7.57752  0.00969015
          79     7.73466     7.57951  0.00977129
          80      7.5088     7.57863  0.00968878
          81      7.7016     7.58015   0.0096881
          82     7.44063     7.57844  0.00971931
          83     7.50931     7.57761  0.00963755
          84     7.59913     7.57787  0.00952557
          85     7.60289     7.57816  0.00941744
          86      7.7469     7.58012  0.00951187
          87     7.51746      7.5794  0.00942945
          88     7.47066     7.57817  0.00940324
          89      7.4055     7.57623  0.00949726
          90     7.56317     7.57608  0.00939227
          91     7.45472     7.57475  0.00938373
          92      7.7061     7.57618  0.00939035
          93     7.58273     7.57625   0.0092891
          94     7.50389     7.57548  0.00922193
          95     7.56935     7.57541  0.00912457
          96     7.56394     7.57529  0.00902982
          97     7.61096     7.57566   0.0089438
          98     7.35689     7.57343  0.00912922
          99     7.75763     7.57529  0.00922609
         100     7.64274     7.57596  0.00915824
         101     7.46968     7.57491  0.00912797
         102     7.54787     7.57465  0.00904192
         103     7.70616     7.57592  0.00904429
         104     7.77177     7.57781  0.00915273
         105     7.67805     7.57876  0.00911527
         106     7.54045      7.5784   0.0090361
         107     7.60288     7.57863  0.00895417
         108     7.67523     7.57952  0.00891585
         109     7.59348     7.57965   0.0088346
         110      7.5549     7.57943  0.00875681
         111     7.49376     7.57865  0.00871181
         112     7.78919     7.58053  0.00883595
         113      7.4864      7.5797  0.00879694
         114     7.49955       7.579  0.00874773
         115     7.56326     7.57886  0.00867241
         116     7.42936     7.57757  0.00869339
         117     7.40124     7.57607  0.00874954
         118     7.59021     7.57619  0.00867591
         119     7.63315     7.57666    0.008616
         120     7.45037     7.57561  0.00860847
         121     7.56719     7.57554  0.00853732
         122     7.55262     7.57535  0.00846913
         123     7.66576     7.57609  0.00843209
         124     7.58241     7.57614  0.00836397
         125     7.63515     7.57661  0.00831021
         126     7.55831     7.57647  0.00824527
         127     7.57274     7.57644  0.00818014
         128     7.63615      7.5769  0.00812938
         129     7.56399      7.5768  0.00806674
         130     7.57267     7.57677  0.00800451
         131     7.58343     7.57682  0.00794333
         132     7.45299     7.57588  0.00793855
         133     7.58633     7.57596  0.00787902
         134     7.56783      7.5759  0.00782024
         135     7.45657     7.57502  0.00781227
         136     7.53493     7.57472  0.00776021
         137      7.6618     7.57536  0.00772953
         138     7.52523       7.575  0.00768191
         139     7.64059     7.57547  0.00764103
         140     7.64216     7.57594   0.0076012
         141     7.56402     7.57586  0.00754757
         142     7.54181     7.57562  0.00749807
         143     7.58816     7.57571  0.00744596
         144     7.60259     7.57589  0.00739643
         145     7.50045     7.57537  0.00736365
         146     7.57291     7.57536  0.00731306
         147      7.5814      7.5754  0.00726326
         148     7.49249     7.57484  0.00723573
         149     7.78878     7.57627  0.00732903
         150     7.56253     7.57618  0.00728058
         151     7.76245     7.57742  0.00733665
         152     7.58888     7.57749  0.00728861
         153     7.69514     7.57826  0.00728154
         154     7.45644     7.57747  0.00727722
         155     7.66955     7.57806  0.00725448
         156     7.61042     7.57827  0.00721081
         157      7.6382     7.57865   0.0071749
         158     7.74052     7.57968  0.00720258
         159      7.5759     7.57965  0.00715718
         160     7.62799     7.57996  0.00711872
         161     7.61196     7.58015  0.00707715
         162     7.52587     7.57982  0.00704131
         163     7.46787     7.57913   0.0070316
         164     7.63732     7.57949  0.00699759
         165     7.60685     7.57965  0.00695703
         166     7.60825     7.57983  0.00691714
         167     7.59017     7.57989  0.00687588
         168     7.62249     7.58014  0.00683953
         169     7.59691     7.58024  0.00679966
         170     7.61765     7.58046  0.00676313
         171     7.60913     7.58063  0.00672555
         172     7.77786     7.58177  0.00678395
         173       7.539     7.58153  0.00674915
         174     7.57305     7.58148  0.00671042
         175      7.6499     7.58187  0.00668341
         176     7.56156     7.58175  0.00664633
         177     7.54461     7.58154  0.00661201
         178       7.756     7.58252   0.0066474
         179     7.55867     7.58239  0.00661151
         180     7.60652     7.58253  0.00657604
         181     7.68892     7.58311  0.00656597
         182     7.50315     7.58267  0.00654456
         183     7.66945     7.58315  0.00652595
         184     7.51065     7.58275  0.00650233
         185     7.53304     7.58249  0.00647267
         186     7.52093     7.58215  0.00644627
         187     7.72983     7.58294  0.00646016
         188     7.48307     7.58241  0.00644763
         189     7.73868     7.58324   0.0064665
         190     7.57066     7.58317  0.00643271
         191     7.56805     7.58309  0.00639943
         192     7.50032     7.58266   0.0063806
         193     7.48025     7.58213  0.00636959
         194     7.56099     7.58202  0.00633761
         195     7.50544     7.58163  0.00631725
         196     7.53554      7.5814  0.00628933
         197     7.49701     7.58097  0.00627197
         198     7.47989     7.58046  0.00626106
         199     7.76705     7.58139  0.00629969
         200     7.66073     7.58179  0.00628065
